t,x_s1,x_s2,x_s3,x_s_d1,x_s_d2,x_s_d3,propellers_rpms1,propellers_rpms2,propellers_rpms3,propellers_rpms4,rollRad,pitchRad,yawRad,v_s1,v_s2,v_s3,v_s_d1,v_s_d2,v_s_d3,insideCount
0,-0.0599999986588955,2.94000005722046,1.17999994754791,-0.0599999986588955,2.94000005722046,1.17999994754791,0,0,0,0,0,0,0,0,0,0,-1.06581410364015E-15,4.44089209850063E-16,4.44089209850063E-16,0
0.0200042724609375,-0.0599999986588955,2.94000005722046,1.1771354675293,-0.0600018701838461,2.93999925195556,1.18000110611101,0,0,0,0,0.0163538,-0.002474609,-2.024222E-05,3.71994488546079E-08,3.50004931704007E-08,-0.143225952982903,-0.000280105751305916,-0.000120521679537258,0.00017339880334547,5
0.0400009155273438,-0.0599999986588955,2.94000005722046,1.17048275470734,-0.0600148724204753,2.93999365745638,1.18000915511487,0,0,0,0,0.03270752,-0.004950816,-5.430172E-05,3.62924410524101E-08,3.44428769949445E-08,-0.332637369632721,-0.00111101934050116,-0.00047804058392963,0.00068777389696065,6
0.05999755859375,-0.0600004345178604,2.94013261795044,1.16416549682617,-0.0600498857373401,2.93997859220429,1.18003083002592,3185.294,2835.729,1501.222,2767.702,0.03128104,-0.00494336,-0.01646952,-2.17781216633739E-05,0.00662215612828732,-0.315863788127899,-0.00247936261166862,-0.00106680046642749,0.00153484356504269,6
0.0800018310546875,-0.0599162168800831,2.94038772583008,1.15857708454132,-0.0601175574246769,2.93994947496775,1.18007272202403,3065.848,3067.256,2154.955,2024.034,0.01897721,-0.004311125,-0.04351499,0.00421080132946372,0.0127502083778381,-0.279418706893921,-0.00437268608126799,-0.00188144466206175,0.00270690098422899,6
0.0999984741210938,-0.0596375465393066,2.94068765640259,1.15374851226807,-0.0602281887669101,2.93990187339187,1.18014120809498,2640.473,3831.823,2620.119,1134.714,-0.00585203,-0.002888465,-0.07014553,0.0139334872364998,0.0149984881281853,-0.241429686546326,-0.00677637982016689,-0.00291568692648091,0.00419490191241918,6
0.120002746582031,-0.0590848848223686,2.94089889526367,1.14957022666931,-0.0603919599823235,2.93983140721312,1.18024259027882,2092.018,4101.972,3169.428,756.0368,-0.04011839,-0.0004511395,-0.08993602,0.0276330504566431,0.0105626471340656,-0.208912879228592,-0.00967921398219614,-0.00416469537060396,0.00599189453988277,5
0.139999389648438,-0.0582314543426037,2.94085621833801,1.14596676826477,-0.0606185767455666,2.93973390035084,1.18038287685052,1510.425,4074.802,3735.771,701.906,-0.07649291,0.002388211,-0.09949889,0.0426716133952141,-0.00212919153273106,-0.180172756314278,-0.0130660253322238,-0.00562194567796536,0.00808849210174802,4
0.160003662109375,-0.0570994131267071,2.94039487838745,1.14297807216644,-0.0609177895434042,2.93960515744296,1.18056810382587,1134.944,3847.043,4069.937,880.0151,-0.1062798,0.004335424,-0.09870101,0.0566021203994751,-0.0230672769248486,-0.14943565428257,-0.0169265510445065,-0.00728302204135792,0.0104783414199936,4
0.180000305175781,-0.0557376779615879,2.93938803672791,1.14071130752563,-0.0612986871007165,2.9394412678651,1.18080389755851,1101.119,3565.244,4009.926,1148.888,-0.1236309,0.004492115,-0.09000099,0.0680868327617645,-0.0503397770226002,-0.113341093063354,-0.0212451141043368,-0.00914117907931815,0.0131517376757159,3
0.200004577636719,-0.0541964173316956,2.9377772808075,1.13924860954285,-0.0617706280683152,2.93923820485124,1.18109605149912,1373.078,3339.753,3594.954,1386.339,-0.127877,0.003023012,-0.07724871,0.0770631209015846,-0.0805355086922646,-0.073135182261467,-0.026012379510746,-0.0111924002017188,0.0161029020586274,3
0.220001220703125,-0.0525141656398773,2.93557620048523,1.1385840177536,-0.0623420644491781,2.93899233174064,1.18144979784016,1791.047,3212.792,3016.823,1527.109,-0.1229768,0.0008610339,-0.06426048,0.0841126143932343,-0.110051684081554,-0.0332279354333878,-0.03121219533433,-0.0134297356845702,0.019321835755004,3
0.239997863769531,-0.0507194995880127,2.93284702301025,1.13860702514648,-0.0630217183703222,2.93869989564571,1.18187053599376,2159.024,3168.633,2517.413,1558.487,-0.1149671,-0.0009880328,-0.05362062,0.089733362197876,-0.136453047394753,0.00114891305565834,-0.0368338920540454,-0.0158485947310391,0.02280193382306,3
0.260002136230469,-0.0488371811807156,2.92966485023499,1.13913786411285,-0.0638182299684225,2.938357178957,1.18236361461609,2351.865,3158.954,2273.926,1495.985,-0.1090495,-0.001904693,-0.04623514,0.0941158682107925,-0.159107804298401,0.0265398640185595,-0.0428675524613532,-0.0184447102433459,0.0265370570382875,3
0.279998779296875,-0.0468916594982147,2.92608761787415,1.13999629020691,-0.0647390625194898,2.93796097043536,1.18293365383054,2352.977,3152.299,2323.981,1363.504,-0.1078133,-0.001745436,-0.04152188,0.0972762033343315,-0.178862392902374,0.0429193153977394,-0.0492963837173861,-0.0212108567320638,0.030516809833474,3
0.300003051757813,-0.0449086427688599,2.92214369773865,1.14106225967407,-0.0657927507678135,2.93750759781875,1.18358593705038,2229.031,3144.135,2572.828,1194.467,-0.1110868,-0.000737163,-0.03798467,0.0991509184241295,-0.197190523147583,0.0532957352697849,-0.0561132031658829,-0.0241439437008635,0.0347367458022363,3
0.319999694824219,-0.0429168120026588,2.91783547401428,1.14229428768158,-0.0669860785243584,2.93699414222283,1.18432466377777,2074.287,3132.455,2873.054,1032.639,-0.1169309,0.0006857582,-0.03398087,0.0995914414525032,-0.215406253933907,0.0616029798984528,-0.0633008373176985,-0.0272365818771378,0.0391862337367069,3
0.340003967285156,-0.0409488156437874,2.91315102577209,1.1437075138092,-0.0683273092598492,2.93641704810699,1.18515494949472,1954.945,3107.528,3109.516,921.4756,-0.1228442,0.002069718,-0.02837438,0.0983999073505402,-0.234222948551178,0.0706627517938614,-0.0708528993697216,-0.0304860231979345,0.0438613199015142,3
0.360000610351563,-0.0390400514006615,2.90807723999023,1.14534366130829,-0.0698225328270578,2.93577369517774,1.1860805641102,1904.913,3065.488,3222.118,880.9443,-0.1267089,0.003092655,-0.02087226,0.0954381823539734,-0.253692835569382,0.0818065032362938,-0.0787518717320621,-0.0338847303337087,0.0487511600740379,3
0.379997253417969,-0.0372255742549896,2.90261030197144,1.14724361896515,-0.0714791088463715,2.935060916796,1.18710606357981,1923.574,3021.495,3207.434,895.7112,-0.1274232,0.003642372,-0.01188356,0.0907241255044937,-0.273341476917267,0.0949976742267609,-0.0869889214763108,-0.0374289027221294,0.0538502862508218,3
0.400001525878906,-0.0355371572077274,2.89676117897034,1.14943158626556,-0.0733044112230977,2.93427554017634,1.18823601270221,1991.075,2988.804,3098.871,939.6793,-0.1250381,0.003791008,-0.002208826,0.0844209343194962,-0.292451024055481,0.109401375055313,-0.0955558400788823,-0.0411150084648172,0.0591536169647403,3
0.419998168945313,-0.0340018793940544,2.89055466651917,1.15190613269806,-0.0753034649285836,2.93341540321397,1.18947352217404,2072.78,2974.725,2953.075,986.3281,-0.1205016,0.003707334,0.007337537,0.0767639875411987,-0.310325711965561,0.123724967241287,-0.104434660908044,-0.0449353170220673,0.0646500300148815,3
0.44000244140625,-0.0326424427330494,2.88402462005615,1.15464186668396,-0.077483988232608,2.93247718495301,1.19082336997196,2136.168,2972.974,2825.494,1022.969,-0.1150773,0.003563914,0.01615199,0.0679718405008316,-0.326506912708282,0.136786893010139,-0.113620829717891,-0.048887868829098,0.0703367061060819,4
0.459999084472656,-0.0314783006906509,2.8772075176239,1.1576019525528,-0.0798502821969742,2.93145903476675,1.19228821865812,2168.582,2977.358,2748.463,1039.672,-0.109866,0.003474506,0.02394281,0.0582068599760532,-0.340851366519928,0.148004159331322,-0.123096124252221,-0.0529648233581361,0.0762023647937057,4
0.480003356933594,-0.0305266454815865,2.87013840675354,1.16074788570404,-0.0824098964715798,2.93035770425173,1.19387274182544,2167.945,2984.54,2733.035,1032.125,-0.1055443,0.00348183,0.03074937,0.0475827008485794,-0.353457808494568,0.157299622893333,-0.132856662250146,-0.057164510180779,0.0822446027733248,4
0.5,-0.0298035331070423,2.86284685134888,1.16405248641968,-0.085166398670376,2.92917165836334,1.1955791479969,2146.986,2989.018,2762.47,1009.94,-0.102267,0.003568782,0.03679401,0.0361557379364967,-0.364583134651184,0.16522778570652,-0.142884000065179,-0.0614789935111996,0.0884520025491718,4
0.520004272460938,-0.0293242428451777,2.8553569316864,1.16749930381775,-0.088127196023106,2.92789770997757,1.19741202260058,2116.485,2993.12,2817.608,976.8941,-0.09984404,0.003686364,0.04241349,0.0239646472036839,-0.3744937479496,0.172338023781776,-0.153174893518032,-0.065906877469682,0.0948225558197254,4
0.540000915527344,-0.0291039980947971,2.84768843650818,1.17108619213104,-0.0912951145137283,2.92653464315245,1.19937311505516,2089.288,2991.245,2870.405,952.1959,-0.09782483,0.003777025,0.04785612,0.0110123874619603,-0.383425891399384,0.179342016577721,-0.163710711144578,-0.0704401454577151,0.101344728821151,4
0.55999755859375,-0.0291574597358704,2.83985829353333,1.17481625080109,-0.094676112580471,2.92507989413848,1.20146611391775,2070.591,2989.786,2909.483,933.0461,-0.09579444,0.00379556,0.05329918,-0.00267355516552925,-0.391503721475601,0.186505705118179,-0.17448465888317,-0.0750758741803766,0.108014315705644,5
0.580001831054688,-0.0294989198446274,2.83188271522522,1.17869877815247,-0.0982762614093182,2.92353085067394,1.20369477754168,2063.539,2984.668,2921.782,932.9191,-0.09338321,0.003717737,0.05873702,-0.0170725677162409,-0.398783445358276,0.194123536348343,-0.185490414529404,-0.0798113433697334,0.11482740272751,5
0.599998474121094,-0.0301411636173725,2.82377815246582,1.18273985385895,-0.102097262171133,2.92188678079254,1.20606015903275,2067.507,2985.438,2912.224,936.7388,-0.09050167,0.003537771,0.06411411,-0.0321124643087387,-0.405233979225159,0.202051132917404,-0.196709126405959,-0.0846384416756885,0.121772319800455,5
0.620002746582031,-0.0310954637825489,2.8155620098114,1.18694233894348,-0.106146271928021,2.92014460501038,1.20856668895334,2073.987,2986.125,2887.244,953.002,-0.08717485,0.003272253,0.06929249,-0.0477152466773987,-0.41080704331398,0.210124582052231,-0.208139001499973,-0.0895563976148993,0.128847956964108,5
0.639999389648438,-0.0323712378740311,2.80725288391113,1.19130551815033,-0.110424235525481,2.91830391678686,1.21121495220784,2083.291,2991.685,2854.737,968.8978,-0.08359449,0.002940795,0.07414668,-0.0637879148125648,-0.415459007024765,0.218158811330795,-0.219761081350814,-0.0945570538913933,0.136042578028218,5
0.660003662109375,-0.0339757390320301,2.79886960983276,1.19582271575928,-0.114938248900541,2.91636166293851,1.21400934151928,2087.573,2999.519,2827.567,982.2035,-0.08000881,0.002566435,0.07860348,-0.0802256092429161,-0.419169217348099,0.225861459970474,-0.231574097577923,-0.0996398647564507,0.143355397804799,5
0.680000305175781,-0.0359148867428303,2.79043006896973,1.20048809051514,-0.119688496929273,2.91431776391831,1.21694997133476,2088.065,3006.609,2805.536,995.9181,-0.07659943,0.002169124,0.08260489,-0.0969575121998787,-0.421972930431366,0.233265981078148,-0.243559016194652,-0.104796640417365,0.150774633349401,6
0.700004577636719,-0.0381926782429218,2.7819516658783,1.20529103279114,-0.124682034788652,2.91216918408072,1.22004120914491,2083.125,3016.1,2799.061,997.4965,-0.07355757,0.001758686,0.08620092,-0.113889433443546,-0.423919796943665,0.240146994590759,-0.255715062526221,-0.110027047553219,0.158299805101433,6
0.720001220703125,-0.0408126153051853,2.77344942092896,1.21022748947144,-0.129918284978346,2.90991617190799,1.22328269744952,2075.016,3020.175,2795.984,1005.823,-0.07086992,0.00134599,0.08939561,-0.130996808409691,-0.425112336874008,0.246824979782104,-0.268023157655716,-0.11532287703907,0.16591910230247,6
0.739997863769531,-0.0437766201794147,2.76493692398071,1.21528887748718,-0.135402141159277,2.90755662179454,1.22667746565781,2066.241,3028.232,2806.293,997.3604,-0.06860516,0.0009271305,0.09230983,-0.148200049996376,-0.425628304481506,0.253071159124374,-0.280478211503383,-0.120681938755799,0.173629373950669,6
0.760002136230469,-0.0470868982374668,2.75642538070679,1.2204761505127,-0.14113868194985,2.90508834855275,1.23022865767651,2056.112,3027.77,2810.612,1006.184,-0.06658062,0.0005102872,0.09493518,-0.165514349937439,-0.425581187009811,0.259366124868393,-0.293075466693575,-0.12610218573757,0.181427675003881,6
0.779998779296875,-0.0507442094385624,2.7479248046875,1.22578465938568,-0.147126184485884,2.90251209348295,1.23393520697061,2052.138,3035.317,2820.401,994.5856,-0.0648469,8.190967E-05,0.09738541,-0.182865917682648,-0.425032198429108,0.265428006649017,-0.305795832832518,-0.131575403921268,0.189302187598958,6
0.800003051757813,-0.0547496117651463,2.73944354057312,1.23121666908264,-0.153371683173492,2.89982482987671,1.2378014681726,2043.968,3033.063,2821.652,1006.353,-0.06321013,-0.000344613,0.09961867,-0.200269713997841,-0.424065113067627,0.271598517894745,-0.318639638509124,-0.13710173468952,0.197253115148089,6
0.819999694824219,-0.0591029115021229,2.73098921775818,1.23676991462708,-0.159872691993147,2.89702762739878,1.24182590231796,2044.367,3039.184,2822.937,1000.398,-0.06172994,-0.0007792409,0.1016901,-0.217665284872055,-0.422719329595566,0.27766364812851,-0.331587821991737,-0.142672976311719,0.205268657531342,6
0.840003967285156,-0.0638037919998169,2.72256827354431,1.24244523048401,-0.166636266402775,2.89411745028271,1.24601287707125,2040.547,3039.223,2818.543,1010.747,-0.06032166,-0.001210673,0.1035562,-0.235044315457344,-0.421047687530518,0.283763408660889,-0.344641102544584,-0.148289438267168,0.213349260007538,6
0.860000610351563,-0.068850964307785,2.714186668396,1.24824070930481,-0.173659158941841,2.89109569582005,1.2503603820997,2042.23,3044.632,2813.647,1010.366,-0.05906092,-0.00164104,0.1052326,-0.252358555793762,-0.4190833568573,0.289772480726242,-0.357780475378537,-0.153942943326036,0.221483157706883,6
0.879997253417969,-0.0742425322532654,2.70584940910339,1.25415408611298,-0.180945630646592,2.88796053060595,1.25487105518773,2039.804,3046.861,2809.484,1016.669,-0.05795198,-0.002060754,0.1067034,-0.269578784704208,-0.416868388652802,0.295668601989746,-0.371001963495383,-0.159631780297098,0.229667888678032,6
0.900001525878906,-0.0799760967493057,2.69756054878235,1.26018357276917,-0.188500167066783,2.88471002463366,1.2595476731043,2039.512,3050.489,2805.523,1019.465,-0.05703266,-0.002465555,0.107969,-0.286678314208984,-0.414445012807846,0.301473170518875,-0.384301823631742,-0.165354338558695,0.237901135662636,7
0.919998168945313,-0.0860486179590225,2.68932342529297,1.26632654666901,-0.196318384305134,2.8813460641717,1.26438752200817,2039.065,3054.64,2803.812,1019.782,-0.05635142,-0.002853843,0.1090472,-0.30362594127655,-0.411858767271042,0.307145982980728,-0.397661187980262,-0.171102499820431,0.246171218589148,7
0.94000244140625,-0.0924565345048904,2.68114018440247,1.27257919311523,-0.204407453948074,2.87786556348678,1.26939504145298,2035.618,3056.588,2807.058,1020.608,-0.05591094,-0.003219229,0.109958,-0.320395439863205,-0.409157872200012,0.312634736299515,-0.411081631631503,-0.176876941799768,0.254479112513653,7
0.959999084472656,-0.0991963595151901,2.67301225662231,1.27894186973572,-0.212762239776093,2.87427073255068,1.27456705187416,2034.706,3058.348,2807.777,1022.333,-0.0556803,-0.003558516,0.1107032,-0.336991757154465,-0.406396299600601,0.318131417036057,-0.424544411524882,-0.18266959988136,0.262813214588797,7
0.980003356933594,-0.106263712048531,2.66494011878967,1.28540945053101,-0.221389982382338,2.87055845593844,1.2799080355438,2033.074,3061.365,2816.997,1014.728,-0.05570268,-0.003875432,0.1113463,-0.353368282318115,-0.403612196445465,0.323378175497055,-0.438051398499298,-0.18848127903492,0.271174682952979,7
1,-0.11365519464016,2.65692281723022,1.29198598861694,-0.230284798736574,2.86673126495361,1.28541435058594,2031.572,3059.913,2816.353,1022.622,-0.05584702,-0.00415826,0.1118432,-0.369573384523392,-0.400863766670227,0.32882884144783,-0.451584000205995,-0.194303979492187,0.279552008056641,7
1.02000427246094,-0.121365651488304,2.64895939826965,1.29866421222687,-0.239454009753966,2.86278600961093,1.2910905289958,2033.084,3064.898,2829.798,1005.895,-0.05624277,-0.004424576,0.1123024,-0.385523527860641,-0.39816826581955,0.333908885717392,-0.465144357597929,-0.200138622445408,0.287946515251652,7
1.04000091552734,-0.129392072558403,2.64104771614075,1.30545282363892,-0.24889099213045,2.8587255397331,1.29693247063265,2030.931,3059.953,2824.122,1024.022,-0.0566481,-0.004648814,0.1126101,-0.401321262121201,-0.395587265491486,0.33943173289299,-0.478714054341683,-0.205977283860805,0.296346803950333,7
1.05999755859375,-0.137728542089462,2.63318562507629,1.31234014034271,-0.258599401509697,2.85454828239877,1.30294243851408,2036.623,3068.554,2842.073,994.9619,-0.05733892,-0.004865062,0.1129405,-0.416823416948318,-0.393110007047653,0.344365119934082,-0.492290296490434,-0.211818761581115,0.30475114456651,7
1.08000183105469,-0.146372601389885,2.62536954879761,1.31934034824371,-0.268583149539609,2.85025255453512,1.30912285413647,2031.663,3058.819,2830.472,1027.78,-0.05791683,-0.005028048,0.1130894,-0.432203084230423,-0.390808045864105,0.350008636713028,-0.50587040849135,-0.217661904390701,0.313157880805523,7
1.09999847412109,-0.155317559838295,2.61759662628174,1.32643735408783,-0.278834517009062,2.84584167750307,1.31546893894041,2044.321,3073.417,2851.679,982.4689,-0.05886278,-0.005195827,0.1133163,-0.447248935699463,-0.388642758131027,0.354851186275482,-0.519436284009554,-0.223498921639497,0.321555803983559,7
1.12000274658203,-0.164561450481415,2.60986256599426,1.33364880084991,-0.289361068555186,2.84131239645058,1.32198537579665,2033.952,3058.56,2837.135,1029.797,-0.05961699,-0.005298092,0.1133392,-0.4621941447258,-0.386701226234436,0.360570162534714,-0.532990631455731,-0.229330978680957,0.329946590735853,8
1.13999938964844,-0.174096971750259,2.60216426849365,1.34095466136932,-0.300154365346813,2.83666834237095,1.3286669406667,2050.7,3076.587,2864.181,971.3272,-0.06079464,-0.005413141,0.1134868,-0.476775676012039,-0.38492026925087,0.365291148424149,-0.546515580872639,-0.235150386571708,0.338319178707607,8
1.16000366210938,-0.183922842144966,2.59449625015259,1.34837782382965,-0.311222084148811,2.83190621216671,1.33551838583369,2037.813,3058.042,2845.086,1030.673,-0.06169053,-0.005452556,0.1134057,-0.491294324398041,-0.38340550661087,0.371155679225922,-0.560014026276883,-0.240958390526247,0.34667535943296,8
1.18000030517578,-0.194031044840813,2.58685493469238,1.35589230060577,-0.322555076427271,2.82702994219644,1.34253404791935,2058.561,3080.398,2880.315,955.6061,-0.06308975,-0.005517005,0.113518,-0.505410313606262,-0.382063210010529,0.375726878643036,-0.573468357077025,-0.246747413199059,0.355004231116904,8
1.19999694824219,-0.204421535134315,2.57923436164856,1.36352896690369,-0.334156660511822,2.8220381046756,1.34971598112778,2041.497,3056.073,2853.775,1033.856,-0.0640682,-0.005493036,0.1133586,-0.519524335861206,-0.381028801202774,0.381833225488663,-0.58687652428584,-0.252516572968185,0.36330452533874,8
1.22000122070313,-0.215085104107857,2.57163119316101,1.37125253677368,-0.346030421585499,2.81692915700008,1.35706640485806,2067.431,3084.473,2901.314,934.6971,-0.06565864,-0.005512743,0.1134867,-0.533177971839905,-0.380159467458725,0.38617792725563,-0.600236516861372,-0.258265004538453,0.371574997167698,8
1.23999786376953,-0.226023852825165,2.56403827667236,1.37910807132721,-0.358166167196084,2.81170748469733,1.36457900949675,2046.625,3052.658,2857.653,1043.371,-0.06661631,-0.005424859,0.1132513,-0.546938121318817,-0.379645526409149,0.392778128385544,-0.613531154887641,-0.263985315871967,0.379805011417393,8
1.26000213623047,-0.237226247787476,2.55645322799683,1.3870415687561,-0.370571882958536,2.80636965178032,1.3722587385199,2079.993,3092.208,2927.232,901.8416,-0.06843632,-0.005414207,0.1134635,-0.560117661952972,-0.379257321357727,0.396674066781998,-0.626763698705669,-0.269678909802388,0.38799658639423,8
1.27999877929688,-0.248697862029076,2.54886746406555,1.39512157440186,-0.383236695417198,2.80092033679326,1.3800988607405,2047.21,3043.864,2857.413,1068.36,-0.0692342,-0.005253884,0.1131313,-0.573582887649536,-0.379288345575333,0.404001504182816,-0.639917282339435,-0.275338529371412,0.396139281255613,8
1.30000305175781,-0.260423481464386,2.5412802696228,1.40326607227325,-0.396168722856641,2.79535604666509,1.38810440176341,2098.142,3104.431,2958.653,853.6223,-0.07131519,-0.005227785,0.1134863,-0.586279928684235,-0.379365205764771,0.407226324081421,-0.652995275331231,-0.280965624398954,0.404235181908735,8
1.31999969482422,-0.27241387963295,2.5336811542511,1.41157805919647,-0.409356423791328,2.7896817473746,1.39626821685929,2044.88,3030.917,2849.714,1109.218,-0.07181799,-0.004989166,0.1130224,-0.59952175617218,-0.37995108962059,0.415602028369904,-0.665981146317813,-0.286553081901244,0.412274054652251,8
1.34000396728516,-0.284648060798645,2.52607202529907,1.41993367671967,-0.422808053134535,2.78389388706324,1.40459541621271,2121.348,3122.326,2998.128,786.2184,-0.07424413,-0.004967861,0.1135943,-0.611707508563995,-0.38045209646225,0.417783707380295,-0.678878353700697,-0.292102389931837,0.420258040401443,8
1.36000061035156,-0.297144412994385,2.51844000816345,1.42848706245422,-0.436511415158101,2.77799771321212,1.41307845008695,2037.069,3011.4,2831.173,1174.41,-0.0742761,-0.004637629,0.1129329,-0.62481951713562,-0.381598562002182,0.427666813135147,-0.691670720740693,-0.297606588091785,0.42817712498415,9
1.37999725341797,-0.309873193502426,2.51079082489014,1.43705189228058,-0.450469530727146,2.77199192602736,1.42171918854144,2151.695,3148.655,3049.979,689.7863,-0.07719758,-0.004646684,0.1138225,-0.63643741607666,-0.382457822561264,0.428241789340973,-0.704356955827446,-0.303065120637236,0.436030508832034,9
1.40000152587891,-0.322864055633545,2.50310730934143,1.44585740566254,-0.464685685951852,2.76587511158757,1.43051966583492,2019.583,2981.575,2798.179,1275.705,-0.07650836,-0.004201403,0.112862,-0.649543166160583,-0.384173363447189,0.440278708934784,-0.716935713767318,-0.308477408768949,0.443817359206152,9
1.41999816894531,-0.336074262857437,2.49540138244629,1.45462799072266,-0.47914673136562,2.75965292774086,1.43947174182117,2193.966,3187.867,3116.687,551.9249,-0.0801473,-0.004275972,0.1142012,-0.660510361194611,-0.385301649570465,0.438528925180435,-0.729391385793766,-0.313836736470737,0.451528013536465,9
1.44000244140625,-0.349549651145935,2.4876492023468,1.46370005607605,-0.493861275572861,2.75332167044526,1.4485807456364,1989.838,2939.283,2743.054,1425.755,-0.07844554,-0.00368475,0.1128027,-0.673768579959869,-0.387607246637344,0.453603506088257,-0.741727567798258,-0.319144650954242,0.459164697851088,9
1.45999908447266,-0.363228350877762,2.47987151145935,1.4726665019989,-0.508815552717244,2.74688726276417,1.45783815555978,2247.28,3242.596,3210.595,357.3244,-0.08313271,-0.003868508,0.1147883,-0.683936238288879,-0.388881832361221,0.448324799537659,-0.753929052770513,-0.324394609067776,0.466717998286247,9
1.48000335693359,-0.377180278301239,2.47203493118286,1.48202502727509,-0.524018315758597,2.74034593854351,1.46724939009041,1941.677,2877.114,2652.888,1652.307,-0.07991613,-0.003072223,0.112718,-0.697600245475769,-0.391832590103149,0.467929363250732,-0.765999459475408,-0.329588167864767,0.474190155029787,9
1.5,-0.391314834356308,2.46417331695557,1.49117112159729,-0.539455198877605,2.73370387899399,1.4768055561018,2322.24,3325.237,3343.729,69.16074,-0.08619853,-0.003432815,0.1156643,-0.706726431846619,-0.393081724643707,0.457305610179901,-0.777924000354858,-0.334718964672088,0.481572013878822,9
1.52000427246094,-0.405738294124603,2.45623755455017,1.50084483623505,-0.555135099954955,2.72695725560613,1.48651216180595,1862.014,2784.515,2508.041,2000.066,-0.08071402,-0.002332397,0.1125711,-0.721172392368317,-0.396785616874695,0.483688294887543,-0.789706299681991,-0.339788558913217,0.48886581843107,9
1.54000091552734,-0.420330822467804,2.44827127456665,1.51027595996857,-0.571043070329722,2.72011250037111,1.49635995326965,2146.241,3663.377,3253.31,0,-0.08706779,-0.001793905,0.1174754,-0.729628145694733,-0.39831069111824,0.471556603908539,-0.801332006385301,-0.344790775723006,0.496062684689629,9
1.55999755859375,-0.435210645198822,2.44022798538208,1.52022624015808,-0.587181951496087,2.71316839067337,1.50635068951315,1931.024,2596.736,2430.311,2206.023,-0.08061229,0.0002063821,0.1139018,-0.74398946762085,-0.402159512042999,0.497515082359314,-0.812800388649436,-0.349725300221754,0.503162159625937,9
1.58000183105469,-0.45025235414505,2.43215703964233,1.52990853786469,-0.60355483331529,2.70612359703193,1.51648628330776,2181.101,3663.939,3229.889,0,-0.08679189,0.001603041,0.1181484,-0.752086758613586,-0.403553187847137,0.484114348888397,-0.824110582941666,-0.354591760855452,0.510163708672098,9
1.59999847412109,-0.465573132038116,2.42401552200317,1.54008555412292,-0.620145926473056,2.69898491314762,1.52675696031579,2034.554,2531.423,2462.662,2149.238,-0.08087168,0.004155287,0.1133803,-0.766034662723541,-0.407080471515656,0.508851885795593,-0.835248923368005,-0.359384277571697,0.517058871988737,9
1.62000274658203,-0.481049776077271,2.41584777832031,1.55001962184906,-0.636964489205914,2.69174835545992,1.53716845182668,2174.802,3702.456,3213.403,0,-0.08750615,0.006149864,0.1166586,-0.773834586143494,-0.408392816781998,0.496705055236816,-0.846218976345106,-0.364104384899943,0.523849857357655,9
1.63999938964844,-0.496783882379532,2.40761470794678,1.56037366390228,-0.653994195024907,2.68442094880091,1.54771065096602,2111.651,2518.056,2603.334,1947.966,-0.08360941,0.008893318,0.1115821,-0.786707520484924,-0.411655992269516,0.517705023288727,-0.857007552155828,-0.368746407673381,0.530528499715628,9
1.66000366210938,-0.512668013572693,2.39935231208801,1.5705144405365,-0.671244443874359,2.67699864863716,1.55838937674714,2228.208,3581.327,3297.051,0,-0.09081752,0.01086923,0.1136763,-0.794209122657776,-0.41312250494957,0.507041335105896,-0.867618167158098,-0.373311858882592,0.53709697585572,9
1.68000030517578,-0.528791010379791,2.39102005958557,1.5810341835022,-0.688698391434734,2.66948870260877,1.56919420173384,2128.01,2573.717,2773.236,1710.828,-0.08851122,0.01329938,0.1089346,-0.806148052215576,-0.416618257761002,0.525988101959229,-0.878038122530658,-0.377795274579551,0.543547424602645,9
1.69999694824219,-0.545059680938721,2.38264679908752,1.59138405323029,-0.706358800111611,2.66188992212981,1.58012683598675,2240.249,3502.833,3375.982,0,-0.09562986,0.01487599,0.1109222,-0.813434481620789,-0.418660759925842,0.517494142055511,-0.888267004546665,-0.382196476749158,0.549879589839776,9
1.72000122070313,-0.561554431915283,2.37419104576111,1.6020941734314,-0.724228658537036,2.6542010212754,1.5911891296115,2116.753,2627.07,2884.889,1559.292,-0.09365698,0.01677825,0.1072493,-0.824739694595337,-0.422791123390198,0.535505592823029,-0.898304216251578,-0.386515208538549,0.556093102023817,9
1.73999786376953,-0.578192055225372,2.36568140983582,1.61265826225281,-0.742290383213093,2.64642956573347,1.60237019758524,2282.694,3411.845,3432.275,0,-0.09998146,0.01769008,0.1096494,-0.831882297992706,-0.425478994846344,0.528204917907715,-0.908137821269591,-0.39074633405868,0.562180571969536,9
1.76000213623047,-0.595052897930145,2.35707521438599,1.62360167503357,-0.76055371708895,2.63857136338517,1.61367607125764,2089.847,2676.793,2892.602,1534.138,-0.09701949,0.0189975,0.106924,-0.843039512634277,-0.430311769247055,0.547168672084808,-0.917771149318994,-0.394891285994308,0.568144060931169,9
1.77999877929688,-0.612053036689758,2.34840655326843,1.63440239429474,-0.779000609654483,2.63063418086074,1.62509557650306,2299.067,3407.743,3423.35,0,-0.1023533,0.01932007,0.1101801,-0.85000741481781,-0.433428466320038,0.540034353733063,-0.927192788821983,-0.398945154262308,0.57397650459845,9
1.80000305175781,-0.629277884960175,2.33963298797607,1.64560842514038,-0.797640935141499,2.62261376955408,1.63663482594136,2066.142,2692.659,2819.193,1621.532,-0.09794147,0.02023154,0.1080272,-0.861243724822998,-0.438677251338959,0.560304164886475,-0.936405971974637,-0.402909329586356,0.579679903854719,9
1.81999969482422,-0.646637082099915,2.33079671859741,1.65665125846863,-0.816456197270346,2.61451808789761,1.64828236949435,2307.783,3440.723,3383.467,0,-0.1026121,0.02021333,0.1119815,-0.867963075637817,-0.441810518503189,0.552143156528473,-0.945399824400851,-0.406779133026206,0.585247526943151,9
1.84000396728516,-0.66422426700592,2.32185578346252,1.66812229156494,-0.835456397410825,2.6063428325813,1.66004439848636,2049.679,2681.968,2724.789,1751.468,-0.09699126,0.02099608,0.1098299,-0.8793585896492,-0.447051703929901,0.57355260848999,-0.95417746870157,-0.410555908149813,0.59068130690248,9
1.86000061035156,-0.68194043636322,2.31285834312439,1.67940437793732,-0.854622615239374,2.59809614449182,1.6719092003358,2292.99,3505.978,3336.083,0,-0.1014489,0.02095736,0.1141868,-0.88580858707428,-0.449876457452774,0.564104616641998,-0.962728579444532,-0.414235212212131,0.595974851798267,9
1.87999725341797,-0.699885547161102,2.30376362800598,1.6911199092865,-0.873957566090845,2.58977685529642,1.6838784559643,2049.419,2651.49,2662.306,1852.823,-0.09527086,0.02184312,0.1117151,-0.897256672382355,-0.454739332199097,0.585774481296539,-0.971053025860989,-0.417816988947023,0.601128080678429,9
1.90000152587891,-0.717954993247986,2.29462218284607,1.70262539386749,-0.893464153455626,2.58138371570432,1.69595396277071,2277.105,3549.417,3313.552,0,-0.09980089,0.02197195,0.1160455,-0.903469979763031,-0.457075029611588,0.575277388095856,-0.979150439632688,-0.421301079877433,0.606140765536421,9
1.91999816894531,-0.736251890659332,2.2853946685791,1.71456015110016,-0.913122862707269,2.57292512231409,1.70812364027167,2063.69,2623.999,2645.591,1889.735,-0.09360745,0.02303125,0.1131256,-0.914844393730164,-0.461379408836365,0.596739292144775,-0.987011339258123,-0.424683405378145,0.611007036871143,9
1.94000244140625,-0.754669010639191,2.27613019943237,1.72627699375153,-0.932943991899774,2.5643966441608,1.72039386345315,2259.849,3575.501,3309.735,0,-0.09829728,0.02336942,0.1172209,-0.920855641365051,-0.463218986988068,0.585842728614807,-0.994638524886308,-0.427965170275055,0.615728628108227,9
1.95999908447266,-0.773308575153351,2.26679134368896,1.73840773105621,-0.952907658613767,2.55580683609405,1.73275232415044,2082.075,2604.642,2669.065,1870.104,-0.09240264,0.02456294,0.11398,-0.931981444358826,-0.466940999031067,0.606539845466614,-1.00202309041976,-0.431142542523221,0.620300025949072,9
1.98000335693359,-0.792064726352692,2.25742435455322,1.75032246112823,-0.973024270010337,2.54715122020317,1.74520546489201,2259.271,3565.086,3323.851,0,-0.09715265,0.02500202,0.1177008,-0.937808632850647,-0.468347132205963,0.595734715461731,-1.00916768936771,-0.434216663853535,0.624722873042297,9
2,-0.811036586761475,2.24799299240112,1.76263630390167,-0.993273599084619,2.53843849960327,1.7577407641983,2096.758,2604.819,2706.391,1816.724,-0.09158345,0.02619574,0.114306,-0.948589146137238,-0.471569806337357,0.6156907081604,-1.01606400046349,-0.437183953857422,0.628992018127441,9
2.01999664306641,-0.830120503902435,2.23854041099548,1.77473950386047,-1.01365835337184,2.52966750931758,1.77035989816261,2262.481,3544.254,3340.596,0,-0.09627753,0.0265878,0.1177495,-0.954196631908417,-0.472631096839905,0.605159163475037,-1.02271203275434,-0.440044416427654,0.633107466805174,9
2.04000091552734,-0.849412322044373,2.22903108596802,1.78723037242889,-1.0341813929022,2.52083701875502,1.78306463727984,2099.464,2614.875,2735.42,1769.59,-0.09084948,0.02766941,0.1143745,-0.964590489864349,-0.475462108850479,0.624542951583862,-1.02911152474823,-0.442797939051516,0.637069057199471,9
2.05999755859375,-0.868810832500458,2.21950650215149,1.79951405525208,-1.05482201812353,2.5119559343546,1.79584216754118,2270.519,3522.037,3349.593,0,-0.09538697,0.02789612,0.117684,-0.969927966594696,-0.476235121488571,0.614184379577637,-1.03525504859546,-0.445441325732794,0.640872191117535,9
2.08000183105469,-0.888409912586212,2.20993137359619,1.81217908859253,-1.07559088172821,2.50301967256038,1.80869908347065,2091.731,2629.05,2742.944,1747.368,-0.08988861,0.02880183,0.1144071,-0.9799445271492,-0.478744119405746,0.633253991603851,-1.04114485287423,-0.447975543971863,0.644518260536375,9
2.09999847412109,-0.908108592033386,2.20034718513489,1.82463192939758,-1.09646699912883,2.4940372624541,1.82162239460902,2272.905,3508.068,3352.219,0,-0.09423915,0.0288207,0.1177302,-0.984938740730286,-0.479227274656296,0.622644782066345,-1.04677411523768,-0.450397658303471,0.648003042098304,9
2.12000274658203,-0.928001344203949,2.19071817398071,1.83746838569641,-1.11746110947495,2.48500408327971,1.83461874900143,2076.788,2637.981,2724.958,1761.93,-0.08842281,0.02956177,0.114505,-0.99463951587677,-0.481433659791946,0.641823053359985,-1.05214490868305,-0.452708560680417,0.651327819087362,9
2.13999938964844,-0.947986006736755,2.18108654022217,1.8500816822052,-1.138551967509,2.47592927627801,1.8476749948214,2263.784,3517.552,3340.1,0,-0.09259918,0.02942798,0.1179703,-0.999234199523926,-0.481593579053879,0.630663990974426,-1.05725102347782,-0.454905579228273,0.654488747383304,8
2.16000366210938,-0.968158483505249,2.17141771316528,1.86308085918427,-1.15975039167652,2.46680818657414,1.86079782920208,2062.493,2633.956,2691.235,1803.196,-0.08638442,0.0300811,0.114708,-1.00862836837769,-0.483445048332214,0.649956524372101,-1.0620943502576,-0.456989527434725,0.657486997379635,8
2.18000030517578,-0.988414227962494,2.1617534160614,1.8758407831192,-1.18103490068612,2.45765005696766,1.87397395420079,2253.702,3532.175,3322.33,0,-0.09045107,0.02987506,0.1182558,-1.01278626918793,-0.483213841915131,0.637999355792999,-1.06666929835407,-0.458957999791384,0.660319108186354,7
2.19999694824219,-1.00885128974915,2.15206074714661,1.88898754119873,-1.20240821395574,2.44845371736898,1.88720505326679,2052.286,2622.999,2655.143,1848.9,-0.08390875,0.0305104,0.1148165,-1.02185165882111,-0.484630644321442,0.657336115837097,-1.07097597819164,-0.460811043810786,0.662985148161421,7
2.22000122070313,-1.02936208248138,2.14238166809082,1.90187835693359,-1.22387315175433,2.43921795429519,1.90049287228091,2237.799,3552.261,3303.977,0,-0.08795463,0.03031275,0.1183628,-1.02554297447205,-0.483958870172501,0.64454197883606,-1.07501419914593,-0.462548577472581,0.665484999299265,7
2.23999786376953,-1.0500465631485,2.13268375396729,1.91515445709229,-1.24540792547886,2.42995214277345,1.91382392305993,2049.092,2608.411,2623.536,1885.463,-0.08124825,0.03097936,0.1146601,-1.03422176837921,-0.484888046979904,0.663804888725281,-1.07877930973132,-0.464168599372462,0.667815782108711,5
2.26000213623047,-1.07079493999481,2.12300872802734,1.92815887928009,-1.26702351885107,2.42065155681516,1.92720500505083,2219.606,3571.184,3288.045,0,-0.0853852,0.03083858,0.1181238,-1.03741645812988,-0.483767867088318,0.650222837924957,-1.08227271937422,-0.465671715947234,0.669978369091845,4
2.27999877929688,-1.09170734882355,2.11332488059998,1.94154071807861,-1.28869796983554,2.41132564607061,1.9406225227075,2046.281,2591.1,2607.654,1906.825,-0.07867724,0.0315575,0.1141463,-1.04561376571655,-0.484197199344635,0.669093668460846,-1.08549040888332,-0.467056197851165,0.67197027217779,4
2.30000305175781,-1.11267352104187,2.10367155075073,1.95463991165161,-1.31044231452835,2.40196966201596,1.95408330789913,2207.142,3577.882,3278.056,0,-0.08291166,0.03147057,0.1174257,-1.04830884933472,-0.482658505439758,0.654962658882141,-1.08843358680109,-0.468322565086307,0.673792239511894,0
2.31999969482422,-1.13379216194153,2.09401941299438,1.96810495853424,-1.33223444283894,2.39259311800549,1.96757367342642,2045.348,2580.246,2605.227,1904.546,-0.07633578,0.03220623,0.1132268,-1.05593681335449,-0.482620120048523,0.673255383968353,-1.09109887036509,-0.469469362144493,0.675442177003072,0
2.34000396728516,-1.15495467185974,2.08440494537354,1.9812798500061,-1.35408543512393,2.38319124647132,1.98110047855794,2199.385,3572.605,3274.285,0,-0.08065969,0.03211822,0.116292,-1.05811822414398,-0.480718791484833,0.658743262290955,-1.09348726343002,-0.470497020956358,0.676920706085208,0
2.36000061035156,-1.17625725269318,2.07479929924011,1.99480938911438,-1.37597305876702,2.37377361348711,1.99464996024512,2040.467,2576.803,2607.78,1892.226,-0.07423029,0.03281311,0.1119559,-1.0651273727417,-0.480286329984665,0.676474571228027,-1.09559602313537,-0.471404361345641,0.678226128796969,0
2.37999725341797,-1.19759273529053,2.06523752212524,2.00804209709167,-1.39790005743958,2.36433903852774,2.00822381695123,2192.493,3563.159,3272.39,0,-0.0786016,0.03266323,0.1148666,-1.066774725914,-0.478089153766632,0.661641061306,-1.09742530100382,-0.472191448508328,0.679358538938131,0
2.40000152587891,-1.2190557718277,2.05569076538086,2.02162003517151,-1.4198692197338,2.35488632173988,2.02182377494768,2029.284,2576.524,2607.83,1884.278,-0.07222173,0.03327435,0.110477,-1.07315075397491,-0.477338999509811,0.678901731967926,-1.09897493039424,-0.472858210743393,0.680317833349887,0
2.41999816894531,-1.24054086208344,2.04619264602661,2.03489589691162,-1.44185817738692,2.34542508756209,2.03543598721428,2189.671,3553.217,3265.703,0,-0.07658239,0.03301458,0.1132947,-1.07425737380981,-0.474897682666779,0.663788974285126,-1.10024313330221,-0.473403883025206,0.681102911362803,0
2.44000244140625,-1.26214075088501,2.03671526908875,2.04850888252258,-1.46387808506052,2.33595053645515,2.04906735901791,2014.567,2579.008,2599.663,1884.442,-0.07018175,0.03351368,0.1089006,-1.08000123500824,-0.473880738019943,0.680653750896454,-1.10123038958312,-0.473828671822132,0.681714070030222,0
2.45999908447266,-1.28375172615051,2.02729105949402,2.0618097782135,-1.48590651627916,2.32647231790489,2.06270400730194,2185.669,3542.596,3259.79,0,-0.07451525,0.03311923,0.1116767,-1.08054292201996,-0.471214234828949,0.665046155452728,-1.10193556692257,-0.474132089930926,0.682150608395601,0
2.48000335693359,-1.30546569824219,2.0178918838501,2.07544660568237,-1.50795464064698,2.31698562594271,2.07635284658344,1996.217,2580.594,2579.012,1901.953,-0.06795375,0.03350808,0.1072483,-1.08570194244385,-0.469961732625961,0.681843280792236,-1.10235893238473,-0.47431425226183,0.68241269178437,0
2.5,-1.32717883586884,2.00855016708374,2.08875942230225,-1.52999999932945,2.30750012397766,2.08999997377396,2172.932,3548.484,3245.195,0,-0.07225849,0.03301401,0.1100804,-1.08566439151764,-0.467078328132629,0.665646731853485,-1.10250000050292,-0.474374949932098,0.682500019669533,0
2.51999664306641,-1.34898376464844,1.99923872947693,2.1024067401886,-1.55204535801192,2.29801462201262,2.10364710096447,1979.025,2574.195,2550.449,1933.867,-0.06548713,0.03333739,0.1055899,-1.090247631073,-0.465583682060242,0.682365000247955,-1.10235893238473,-0.47431425226183,0.68241269178437,0
2.54000091552734,-1.37077629566193,1.98998939990997,2.11571502685547,-1.57409348237975,2.28852793005043,2.11729594024597,2160.839,3553.648,3230.346,0,-0.06977535,0.03278679,0.1084429,-1.08962154388428,-0.46246212720871,0.665411472320557,-1.10193556692257,-0.474132089930926,0.682150608395601,0
2.55999755859375,-1.39264917373657,1.98077547550201,2.12935900688171,-1.59612191359838,2.27904971150017,2.13093258853001,1966.37,2564.963,2516.392,1969.998,-0.06279681,0.0330806,0.1037955,-1.09364545345306,-0.460703909397125,0.682199835777283,-1.10123038958312,-0.473828671822132,0.681714070030222,0
2.58000183105469,-1.41449761390686,1.97162866592407,2.14264893531799,-1.61814182127198,2.26957516039323,2.14456396033363,2141.944,3570.664,3210.152,0,-0.06714255,0.03253309,0.1066688,-1.09242177009583,-0.457336574792862,0.664495944976807,-1.10024313330221,-0.473403883025206,0.681102911362804,0
2.59999847412109,-1.43641436100006,1.96252274513245,2.15627002716064,-1.64013077892511,2.26011392621545,2.15817617260023,1955.221,2548.914,2490.207,2002.85,-0.06006067,0.03284263,0.1018402,-1.0958377122879,-0.45529368519783,0.681052982807159,-1.09897493039424,-0.472858210743393,0.680317833349887,0
2.62000274658203,-1.45829474925995,1.95348930358887,2.16952419281006,-1.66209994121933,2.25066120942759,2.17177613059669,2130.553,3576.238,3194.379,0,-0.06448632,0.03231715,0.1046139,-1.09402763843536,-0.451679944992065,0.662709474563599,-1.09742530100382,-0.472191448508328,0.679358538938131,0
2.63999938964844,-1.48023056983948,1.94450211524963,2.18310213088989,-1.68402693989188,2.24122663446822,2.18534998730279,1947.037,2537.517,2474.974,2016.836,-0.05743426,0.03263265,0.09959736,-1.09678947925568,-0.449354320764542,0.678900897502899,-1.09559602313537,-0.471404361345641,0.67822612879697,0
2.66000366210938,-1.50211870670319,1.93559145927429,2.19630408287048,-1.70592290617745,2.23180541187802,2.19890463348308,2120.328,3576.41,3183.005,0,-0.0619643,0.0321111,0.1022318,-1.09439671039581,-0.445522964000702,0.660093128681183,-1.09348640563071,-0.470496651869278,0.67692017506657,0
2.68000030517578,-1.5240478515625,1.92673277854919,2.20982074737549,-1.72776555581996,2.22240712994983,2.2124262741215,1937.33,2531.049,2468.245,2018.256,-0.05501825,0.03240262,0.09709055,-1.09646487236023,-0.442955136299133,0.675829410552979,-1.09109887036509,-0.469469362144494,0.675442177003072,0
2.69999694824219,-1.54591751098633,1.91795361042023,2.22295379638672,-1.74955768413056,2.21303058593937,2.22591663964878,2113.175,3568.466,3176.517,0,-0.05963776,0.03184206,0.09959304,-1.09349262714386,-0.438951790332794,0.656655013561249,-1.08843358680109,-0.468322565086308,0.673792239511893,0
2.72000122070313,-1.56781482696533,1.90922975540161,2.23639345169067,-1.77130202882336,2.20367460188472,2.23937742484041,1922.945,2529.104,2464.658,2016.327,-0.05276095,0.03207204,0.09440017,-1.09486031532288,-0.436198055744171,0.671984136104584,-1.08549040888332,-0.467056197851165,0.671970272177789,0
2.73999786376953,-1.58964157104492,1.9005880355835,2.24944472312927,-1.79297647980783,2.19434869114016,2.25279494249708,2109.598,3558.505,3168.242,0,-0.05741562,0.03142807,0.09681619,-1.09132361412048,-0.432067185640335,0.652565360069275,-1.08227271937422,-0.465671715947234,0.669978369091845,0
2.76000213623047,-1.61148130893707,1.89200472831726,2.26279544830322,-1.81459207318004,2.18504810518187,2.26617602448799,1905.784,2531.07,2457.118,2016.864,-0.05056065,0.03156367,0.09163825,-1.092001080513,-0.429172575473785,0.667540311813354,-1.07877930973132,-0.464168599372462,0.667815782108711,0
2.77999877929688,-1.63323950767517,1.88350605964661,2.27574992179871,-1.83612684690458,2.17578229366013,2.27950707526701,2106.482,3545.065,3162.51,0,-0.05521798,0.03080249,0.09401447,-1.08790159225464,-0.424935787916183,0.647727370262146,-1.07501419914593,-0.462548577472581,0.665484999299265,0
2.80000305175781,-1.65499830245972,1.87506771087646,2.28900337219238,-1.85759178470316,2.16654653058634,2.29279489428112,1885.351,2533.77,2438.872,2031.3,-0.04824316,0.03083237,0.08884306,-1.08794355392456,-0.421928286552429,0.662678718566895,-1.07097597819164,-0.460811043810786,0.662985148161422,0
2.81999969482422,-1.67666399478912,1.86671578884125,2.30185127258301,-1.87896509797278,2.15735019098767,2.30602599334712,2095.946,3546.066,3149.164,0,-0.05288292,0.02997257,0.09128256,-1.08328795433044,-0.417591571807861,0.642394483089447,-1.06666929835407,-0.458957999791384,0.660319108186353,0
2.83999633789063,-1.69831848144531,1.85842657089233,2.31499838829041,-1.90024960698239,2.14819206138118,2.31920211834584,1865.503,2529.694,2412.002,2060.506,-0.04571423,0.02992935,0.08610278,-1.08272516727448,-0.414462625980377,0.65735137462616,-1.06209435025759,-0.456989527434725,0.657486997379635,0
2.86000061035156,-1.71986901760101,1.850226521492,2.3277268409729,-1.9214480311499,2.13907097167731,2.33232495272651,2086.06,3547.3,3134.746,0,-0.05033268,0.02900484,0.08858813,-1.07752358913422,-0.41000172495842,0.636425673961639,-1.05725102347782,-0.454905579228273,0.654488747383304,0
2.87999725341797,-1.74139678478241,1.84209203720093,2.34075784683228,-1.94253888918396,2.12999616467562,2.34538119854648,1849.924,2522.607,2378.304,2095.916,-0.04294986,0.02891929,0.08331201,-1.07638847827911,-0.406721204519272,0.651546061038971,-1.05214490868305,-0.452708560680416,0.651327819087361,0
2.90000152587891,-1.76280975341797,1.83404958248138,2.3533570766449,-1.96353299953007,2.12096298550123,2.3583775529389,2070.094,3560.228,3114.587,0,-0.04761146,0.02798417,0.08584598,-1.07064747810364,-0.402115732431412,0.629960060119629,-1.04677411523767,-0.450397658303471,0.648003042098304,0
2.91999816894531,-1.78418791294098,1.82607674598694,2.36625671386719,-1.98440911693069,2.11198057539494,2.37130086407726,1835.569,2509.122,2350.501,2130.198,-0.04010135,0.02790181,0.08044391,-1.06891906261444,-0.398653537034988,0.644977390766144,-1.04114485287423,-0.447975543971863,0.644518260536375,0
2.94000244140625,-1.80544114112854,1.81819891929626,2.37871289253235,-2.00517798053537,2.10304431360073,2.38415778000673,2060.61,3563.819,3097.918,0,-0.04483218,0.026979,0.08291613,-1.06265771389008,-0.393891334533691,0.622814536094666,-1.03525504859546,-0.445441325732794,0.640872191117535,0
2.95999908447266,-1.82664740085602,1.8103940486908,2.39146494865417,-2.02581860575671,2.0941632292003,2.39693531026807,1823.89,2499.654,2332.325,2148.139,-0.03731941,0.02689843,0.07737456,-1.06030988693237,-0.390238583087921,0.637601613998413,-1.02911152474823,-0.442797939051516,0.637069057199471,0
2.98000335693359,-1.84771800041199,1.8026876449585,2.4037652015686,-2.04634164528706,2.08533273863774,2.40964004938531,2051.687,3562.963,3085.538,0,-0.04214932,0.02597911,0.07974639,-1.05353772640228,-0.385334998369217,0.615008592605591,-1.02271203275434,-0.440044416427654,0.633107466805174,0
3,-1.86872887611389,1.79505729675293,2.41635513305664,-2.06672639957428,2.07656174835205,2.42225918334961,1811.163,2494.615,2321.557,2154.97,-0.03470844,0.02587957,0.0741161,-1.05054914951324,-0.38151890039444,0.629499077796936,-1.01606400046349,-0.437183953857422,0.628992018127441,0
3.01999664306641,-1.8895947933197,1.78752708435059,2.42848634719849,-2.08697572864857,2.06784902775215,2.4347944826559,2044.679,3555.711,3077.68,0,-0.03962943,0.02493226,0.07639654,-1.04327547550201,-0.376507312059402,0.606555700302124,-1.00916768936771,-0.434216663853534,0.624722873042298,0
3.04000091552734,-1.91038775444031,1.78007555007935,2.4409019947052,-2.10709234004513,2.05919341186127,2.44724762339747,1794.173,2492.99,2313.989,2159.309,-0.03222638,0.02478668,0.07074012,-1.03964924812317,-0.372569471597672,0.620787143707275,-1.00202309041976,-0.43114254252322,0.620300025949072,0
3.05999755859375,-1.93102550506592,1.77272582054138,2.45285439491272,-2.12705600675913,2.05060360379452,2.45960608409476,2041.32,3546.49,3068.124,0,-0.03718945,0.0237774,0.07296366,-1.03189551830292,-0.367480367422104,0.597614824771881,-0.994638524886308,-0.427965170275055,0.615728628108227,0
3.08000183105469,-1.95157861709595,1.76545679569244,2.46508693695068,-2.14687713595163,2.04207512564123,2.47187630727625,1775.751,2494.907,2303.005,2164.714,-0.02979331,0.02355903,0.06733587,-1.02764821052551,-0.36344963312149,0.611627459526062,-0.987011339258122,-0.424683405378145,0.611007036871143,0
3.09999847412109,-1.9719672203064,1.75829088687897,2.47684836387634,-2.16653584520328,2.033616532251,2.4840459847772,2038.472,3533.45,3061.504,0,-0.03477503,0.02245924,0.06953514,-1.01942670345306,-0.358296811580658,0.588077306747437,-0.979150439632689,-0.421301079877433,0.606140765536421,0
3.12000274658203,-1.99225902557373,1.75120735168457,2.4888916015625,-2.18604243256806,2.0252233926589,2.49612149158362,1754.779,2497.165,2283.334,2181.687,-0.02726651,0.02215726,0.06392131,-1.01460587978363,-0.354187577962875,0.60216099023819,-0.971053025860989,-0.417816988947023,0.601128080678429,0
3.13999938964844,-2.01237797737122,1.74422788619995,2.50045537948608,-2.20537738341953,2.01690410346351,2.50809074721212,2029.239,3533.635,3047.598,0,-0.03225141,0.0209842,0.06618283,-1.00593411922455,-0.348969787359238,0.578193664550781,-0.962728579444533,-0.414235212212131,0.595974851798267,0
3.16000366210938,-2.03238940238953,1.73733270168304,2.51230192184448,-2.22455088103183,2.00865428308644,2.51996005559448,1734.892,2493.41,2257.467,2209.63,-0.02458524,0.02062543,0.06057384,-1.00056862831116,-0.344767719507217,0.592322468757629,-0.954174163352092,-0.410554485950274,0.590679260733698,0
3.18000030517578,-2.0522186756134,1.73054337501526,2.52365827560425,-2.24354380138856,2.00048216005771,2.53171757805356,2023.02,3531.522,3032.952,0,-0.02958026,0.01940216,0.06286077,-0.991469204425812,-0.339463829994202,0.567815780639648,-0.94539982440085,-0.406779133026206,0.58524752694315,0
3.19999694824219,-2.07193040847778,1.7238404750824,2.5352988243103,-2.2623590635174,1.99238647840124,2.54336512160655,1717.115,2488.267,2229.804,2239.131,-0.02176495,0.01900677,0.05719371,-0.985581159591675,-0.335141599178314,0.582031548023224,-0.936405971974636,-0.402909329586355,0.579679903854719,0
3.22000122070313,-2.09145188331604,1.71724581718445,2.54643845558167,-2.28099938900442,1.98436606709459,2.55490437104486,2012.603,3534.937,3017.124,0,-0.02680046,0.01776666,0.05949342,-0.976068735122681,-0.329734951257706,0.556980967521667,-0.927192788821982,-0.398945154262308,0.573976504598449,0
3.23999786376953,-2.11084508895874,1.71074032783508,2.55786347389221,-2.29944628156995,1.97642888457015,2.56632387629027,1703.199,2481.132,2202.809,2266.162,-0.01890045,0.01735699,0.05373944,-0.969662249088287,-0.325275182723999,0.571249008178711,-0.917771149318993,-0.394891285994308,0.568144060931169,0
3.26000213623047,-2.13003993034363,1.70434522628784,2.56877660751343,-2.31770961544581,1.96857068222185,2.57762974996267,2001.828,3537.926,3002.261,0,-0.02403077,0.01612254,0.05602311,-0.959748983383179,-0.319763541221619,0.545658707618713,-0.90813782126959,-0.39074633405868,0.562180571969535,0
3.27999877929688,-2.14909648895264,1.69804167747498,2.57997345924377,-2.33577134012187,1.96079922667992,2.58881081793642,1688.146,2473.063,2183.001,2288.061,-0.01610946,0.01571398,0.05018285,-0.952817618846893,-0.315170109272003,0.55984228849411,-0.898304216251578,-0.386515208538549,0.556093102023818,0
3.30000305175781,-2.16794681549072,1.69185030460358,2.5906503200531,-2.35364119854729,1.95311032582551,2.59987311156116,1993.775,3536.081,2990.126,0,-0.02133086,0.0144889,0.05241269,-0.942521035671234,-0.309566974639893,0.533838272094727,-0.888267004546666,-0.382196476749158,0.549879589839776,0
3.31999969482422,-2.18664789199829,1.68575310707092,2.60160779953003,-2.37130160722417,1.94551154534655,2.61080574581408,1674.003,2468.53,2168.872,2299.852,-0.01344204,0.01407221,0.04651697,-0.935059666633606,-0.304857701063156,0.547876596450806,-0.878038122530657,-0.377795274579551,0.543547424602645,0
3.33999633789063,-2.20513582229614,1.67976951599121,2.61203861236572,-2.38875555478454,1.93800159931817,2.62161057080077,1988.22,3529.06,2980.997,0,-0.01875025,0.01283664,0.04868466,-0.924394249916077,-0.299185633659363,0.521535813808441,-0.867618167158097,-0.373311858882592,0.53709697585572,0
3.36000061035156,-2.22346377372742,1.6738817691803,2.62274742126465,-2.406005803634,1.93057929915441,2.6322892965819,1657.154,2467.343,2157.352,2308.47,-0.01088754,0.01239274,0.04277436,-0.916408896446228,-0.294388711452484,0.535445630550385,-0.857007552155826,-0.36874640767338,0.530528499715627,0
3.37999725341797,-2.24157166481018,1.66810822486877,2.63292455673218,-2.42303550945299,1.9232518924954,2.64283149572124,1985.47,3520.374,2970.918,0,-0.01626126,0.01112206,0.04489816,-0.905393540859222,-0.288669437170029,0.508860111236572,-0.846218976345105,-0.364104384899943,0.523849857357654,0
3.40000152587891,-2.25950956344604,1.6624321937561,2.64337778091431,-2.43985407218584,1.9160153348077,2.65324298723213,1638.943,2469.097,2144.325,2317.011,-0.008419317,0.01063222,0.03901476,-0.89689964056015,-0.283807516098022,0.522657155990601,-0.835248923368004,-0.359384277571698,0.517058871988738,0
3.41999816894531,-2.27722072601318,1.65687084197998,2.65329241752625,-2.45644516534361,1.90887665092339,2.66351366424015,1983.045,3508.389,2963.776,0,-0.01384791,0.009306682,0.04111763,-0.885553121566772,-0.278056859970093,0.495727062225342,-0.824110582941664,-0.354591760855451,0.510163708672097,0
3.44000244140625,-2.29475259780884,1.6514083147049,2.66348481178284,-2.47281804716281,1.90183185728196,2.67364925803476,1619.277,2471.312,2126.149,2332.396,-0.005951632,0.008759602,0.03525779,-0.876584827899933,-0.27314504981041,0.509617865085602,-0.812800388649434,-0.349725300221754,0.503162159625937,0
3.45999908447266,-2.31205105781555,1.64606070518494,2.67313122749329,-2.48895692832918,1.89488774758421,2.68363999427827,1976.393,3504.906,2952.286,0,-0.01142336,0.007387938,0.03740293,-0.864929735660553,-0.267366737127304,0.482324302196503,-0.801332006385299,-0.344790775723006,0.496062684689628,0
3.48000335693359,-2.32916140556335,1.64081263542175,2.68305730819702,-2.50487092366784,1.88804039997555,2.69349151548162,1600.647,2469.537,2103.88,2354.976,-0.003438674,0.006799344,0.03156554,-0.855517864227295,-0.262401342391968,0.49630680680275,-0.78970183472369,-0.339786637766397,0.488863054409187,0
3.5,-2.34603333473206,1.63568091392517,2.69242882728577,-2.5205447997813,1.88129636896134,2.70319439144611,1971.794,3500.211,2940.174,0,-0.008955678,0.005396648,0.03373482,-0.843582630157471,-0.256587445735931,0.468576222658157,-0.777924000354857,-0.334718964672089,0.481572013878822,0
3.51999664306641,-2.36270833015442,1.63065004348755,2.70208239555359,-2.53598168290031,1.87465430941181,2.7127505574575,1583.482,2466.603,2080.621,2378.813,-0.0008852347,0.004780583,0.02788151,-0.833752155303955,-0.251556426286697,0.482674449682236,-0.765999459475408,-0.329588167864767,0.474190155029786,0
3.54000091552734,-2.37913942337036,1.62573575973511,2.71117258071899,-2.55118444594166,1.86811298519115,2.72216179198813,1965.24,3498.574,2927.369,0,-0.006462427,0.003368618,0.03006293,-0.821557939052582,-0.245700165629387,0.454512238502502,-0.753929052770513,-0.324394609067776,0.466717998286246,0
3.55999755859375,-2.39536571502686,1.62092399597168,2.72054672241211,-2.56613872308604,1.86167857751006,2.73141920191151,1569.54,2463.014,2057.929,2399.879,0.001643502,0.002738696,0.02417673,-0.811322808265686,-0.240596979856491,0.468707650899887,-0.741727567798258,-0.319144650954242,0.459164697851087,0
3.58000183105469,-2.4113438129425,1.61622989177704,2.72934913635254,-2.58085326729328,1.85534732021446,2.74052820572674,1958.377,3496.64,2915.629,0,-0.00403682,0.001332077,0.02635382,-0.798887312412262,-0.234702497720718,0.440116077661514,-0.729391385793765,-0.313836736470737,0.451528013536464,0
3.59999847412109,-2.42710900306702,1.61163890361786,2.73843574523926,-2.59531431270705,1.84912513636775,2.74948028171299,1554.177,2459.096,2040.165,2418.14,0.004064524,0.0007005049,0.02043946,-0.78825718164444,-0.229539170861244,0.454330831766129,-0.716935713767317,-0.308477408768949,0.443817359206151,0
3.62000274658203,-2.44262075424194,1.60716652870178,2.74694395065308,-2.60953046793176,1.84300832192796,2.75828075900647,1953.078,3492.263,2905.567,0,-0.001715608,-0.0006961503,0.02259636,-0.775599718093872,-0.223621860146523,0.425407826900482,-0.704356955827444,-0.303065120637236,0.436030508832034,0
3.63999938964844,-2.45791268348694,1.60279822349548,2.7557361125946,-2.6234885835008,1.83700253474321,2.76692149746096,1539.747,2457.548,2025.967,2429.92,0.00634474,-0.001332646,0.01668046,-0.764585018157959,-0.218418091535568,0.439609527587891,-0.691670720740692,-0.297606588091786,0.428177124984152,0
3.65999603271484,-2.4729471206665,1.598548412323,2.7639467716217,-2.63719194552437,1.83110636089208,2.77540453133521,1943.944,3488.393,2892.275,7.309892,0.0005135117,-0.002707902,0.01882842,-0.751727163791656,-0.212497875094414,0.410532712936401,-0.678878353700696,-0.292102389931838,0.420258040401444,0
3.68000030517578,-2.48775386810303,1.59440302848816,2.77243781089783,-2.65064357486757,1.82531850058072,2.78373173068862,1527.112,2457.065,2015.668,2434.868,0.008504568,-0.003343865,0.01295507,-0.740342795848846,-0.207270368933678,0.4245545566082,-0.665981146317811,-0.286553081901244,0.412274054652249,0
3.69999694824219,-2.50230026245117,1.59037578105927,2.78035521507263,-2.66383127580226,1.81964420129024,2.79189554578451,1922.739,3489.838,2860.849,40.8309,0.00280267,-0.004643488,0.01509137,-0.727315843105316,-0.201357707381248,0.395865321159363,-0.65299527533123,-0.280965624398954,0.404235181908735,0
3.72000122070313,-2.51661157608032,1.58645391464233,2.78853607177734,-2.6767633032417,1.81407991116207,2.79990108680742,1526.286,2458.58,2014.289,2415.615,0.01055863,-0.005244829,0.009334549,-0.715573489665985,-0.196096256375313,0.409041583538055,-0.639917282339434,-0.275338529371411,0.396139281255611,0
3.73999786376953,-2.53065967559814,1.58265018463135,2.79615926742554,-2.68942811570037,1.808630596175,2.80774120902801,1901.414,3472.567,2822.029,102.4595,0.005144191,-0.006428338,0.01128739,-0.702410161495209,-0.19019527733326,0.381165057420731,-0.626763698705669,-0.269678909802388,0.38799658639423,0
3.76000213623047,-2.54446578025818,1.57895231246948,2.80401945114136,-2.70183383146282,1.803292763258,2.81542093805117,1535.359,2471.891,2025.778,2361.332,0.0124582,-0.006986537,0.005670522,-0.69031023979187,-0.184893563389778,0.393014669418335,-0.613531154887639,-0.263985315871967,0.379805011417393,0
3.77999877929688,-2.55800628662109,1.57537174224854,2.81134724617004,-2.7139695770734,1.79807109095524,2.82293354268985,1878.642,3444.97,2779.199,181.7172,0.007383103,-0.008048605,0.007324692,-0.677014589309692,-0.179020643234253,0.36638993024826,-0.60023651686137,-0.258265004538452,0.371574997167698,0
3.80000305175781,-2.57129716873169,1.57189762592316,2.81887745857239,-2.72584333814708,1.79296214327972,2.83028396642013,1546.325,2497.489,2050.358,2279.286,0.01404899,-0.008571117,0.001934036,-0.664552688598633,-0.173707276582718,0.376505166292191,-0.586876524285838,-0.252516572968186,0.363304525338741,0
3.81999969482422,-2.5843198299408,1.56853950023651,2.82590794563293,-2.73744492223163,1.78797030575888,2.83746589962856,1852.245,3407.178,2734.642,278.1687,0.009376501,-0.00951867,0.003252008,-0.651123642921448,-0.167905479669571,0.351519048213959,-0.573468357077023,-0.246747413199059,0.355004231116903,0
3.83999633789063,-2.59708595275879,1.5652871131897,2.83310079574585,-2.74877791451009,1.78309403578861,2.84448156171422,1557.351,2532.889,2084.362,2177.779,0.01528623,-0.01001775,-0.001796036,-0.63831615447998,-0.162632584571838,0.359637051820755,-0.560014026276881,-0.240958390526246,0.346675359432959,0
3.86000061035156,-2.6095814704895,1.56214797496796,2.83983206748962,-2.75984563331209,1.77833190558438,2.85133300688122,1823.244,3360.436,2689,388.6806,0.0111204,-0.01086463,-0.000803742,-0.624763429164886,-0.156951323151588,0.336569577455521,-0.546515580872635,-0.235150386571708,0.338319178707605,0
3.87999725341797,-2.62181425094604,1.5591127872467,2.84668445587158,-2.77063893010371,1.77368785150474,2.85801457175126,1570.103,2574.645,2120.669,2066.211,0.01627242,-0.01135306,-0.005422196,-0.611652851104736,-0.151762157678604,0.342617601156235,-0.532990631455729,-0.229330978680956,0.329946590735853,0
3.90000152587891,-2.63377451896667,1.55618810653687,2.85311627388,-2.78116548164984,1.76915857045225,2.8645310086075,1795.188,3308.906,2641.178,506.2378,0.01268916,-0.01211685,-0.004735633,-0.597997546195984,-0.146232455968857,0.321596741676331,-0.519436284009554,-0.223498921639498,0.32155580398356,0
3.91999816894531,-2.64546728134155,1.55336499214172,2.85962772369385,-2.79141684911929,1.7647476934202,2.87087709341145,1582.508,2619.131,2155.432,1954.41,0.01712951,-0.01259888,-0.008886969,-0.584642112255096,-0.141148746013641,0.325571298599243,-0.505870408491346,-0.2176619043907,0.313157880805522,0
3.94000244140625,-2.65688514709473,1.55064940452576,2.86575984954834,-2.8014005971492,1.76045196555656,2.87705750903383,1770.141,3255.49,2591.989,624.8667,0.01416324,-0.0132913,-0.00849868,-0.570910573005676,-0.135780602693558,0.306610524654388,-0.492290296490434,-0.211818761581115,0.30475114456651,0
3.95999908447266,-2.66803288459778,1.54803323745728,2.87193155288696,-2.81110900652845,1.75627470822223,2.88306747691526,1595.454,2664.842,2186.439,1845.508,0.01792281,-0.01376588,-0.01218982,-0.557369530200958,-0.130805030465126,0.308584928512573,-0.478714054341681,-0.205977283860804,0.296346803950332,0
3.98000335693359,-2.67890453338623,1.54552125930786,2.87776303291321,-2.82054953765501,1.75221271141637,2.88891161539746,1747.36,3203.115,2544.468,739.1252,0.01553417,-0.01439332,-0.01208969,-0.543586909770966,-0.125599086284637,0.291570156812668,-0.465139182559267,-0.200136395770846,0.2879433116562,0
4,-2.68950295448303,1.54310655593872,2.88359665870667,-2.82971519992233,1.74826898300171,2.89458559696198,1606.813,2709.331,2214.381,1743.734,0.01864127,-0.01485405,-0.0153462,-0.529915571212769,-0.120735131204128,0.29168114066124,-0.451584000205993,-0.194303979492187,0.27955200805664,0
4.01999664306641,-2.69982504844666,1.54079282283783,2.88912558555603,-2.83861001627656,1.74444179201688,2.90009191200411,1726.967,3154.005,2501.708,843.5626,0.01675147,-0.01541917,-0.01550386,-0.516105651855469,-0.115695387125015,0.276442497968674,-0.438051398499297,-0.18848127903492,0.271174682952978,0
4.04000091552734,-2.70987200737,1.53857374191284,2.89462327957153,-2.84723775888281,1.74072951540464,2.90543289567375,1615.347,2750.692,2240.017,1651.752,0.01925035,-0.01585806,-0.01834918,-0.502356290817261,-0.110955387353897,0.274888336658478,-0.424544411524879,-0.182669599881361,0.262813214588797,0
4.05999755859375,-2.71964311599731,1.53645181655884,2.89984822273254,-2.85559254471083,1.73713468446854,2.91060490609494,1709.276,3109.141,2464.742,935.882,0.017783,-0.01636672,-0.01871563,-0.488545835018158,-0.106091842055321,0.261250227689743,-0.411081631631499,-0.176876941799768,0.254479112513654,0
4.08000183105469,-2.72913861274719,1.53442215919495,2.90501379966736,-2.86368161435377,1.73365418378363,2.91561242553974,1621.694,2787.837,2262.59,1570.914,0.01973812,-0.01678111,-0.0211716,-0.474770665168762,-0.101491950452328,0.258273959159851,-0.397661187980259,-0.17110249982043,0.246171218589146,0
4.09999847412109,-2.73835849761963,1.5324854850769,2.90993452072144,-2.87149983159212,1.73029022332167,2.92045227444361,1693.218,3068.973,2433.997,1016.199,0.01863521,-0.01723811,-0.02168825,-0.460992693901062,-0.096815787255764,0.246030926704407,-0.384301823631739,-0.165354338558696,0.237901135662637,0
4.12000274658203,-2.74730348587036,1.53063833713531,2.91477298736572,-2.87905436801231,1.72703971734937,2.92512889236019,1627.182,2819.526,2280.698,1502.622,0.02013975,-0.01762586,-0.02378789,-0.447243809700012,-0.0923686549067497,0.241919577121735,-0.371001963495381,-0.159631780297097,0.22966788867803,0
4.13999938964844,-2.75597429275513,1.52888071537018,2.9193902015686,-2.88634083971706,1.72390455213527,2.92963956544821,1680.281,3034.778,2408.091,1083.023,0.01933824,-0.01803812,-0.02440361,-0.433535069227219,-0.0878831967711449,0.230861812829971,-0.357780475378531,-0.153942943326035,0.221483157706881,0
4.15999603271484,-2.76437139511108,1.52720892429352,2.92390775680542,-2.89336373225613,1.72088279767262,2.93398707047666,1631.628,2845.367,2293.881,1447.807,0.02047772,-0.01839978,-0.02619219,-0.419862180948257,-0.0835949033498764,0.225877642631531,-0.344641102544578,-0.148289438267166,0.213349260007536,0
4.18000030517578,-2.77249670028687,1.52562284469604,2.92822360992432,-2.90012730666575,1.71797262055655,2.93817404522995,1670.129,3006.749,2386.706,1136.781,0.01990636,-0.01877156,-0.0268649,-0.406260371208191,-0.0792987942695618,0.215790539979935,-0.331587821991734,-0.142672976311719,0.205268657531342,0
4.19999694824219,-2.78035116195679,1.52411925792694,2.93242692947388,-2.90662831548541,1.71517541807861,2.94219847937531,1635.433,2865.846,2302.898,1404.777,0.02074168,-0.01910552,-0.02838823,-0.392708122730255,-0.0751736611127853,0.210169389843941,-0.31863963850912,-0.137101734689519,0.197253115148087,0
4.22000122070313,-2.78793621063232,1.52269816398621,2.93644404411316,-2.91287381417302,1.71248815447237,2.9460647405773,1662.144,2984.658,2369.842,1178.401,0.02032021,-0.01944001,-0.02908225,-0.379250019788742,-0.0710673183202744,0.200857728719711,-0.305795832832517,-0.131575403921268,0.189302187598957,0
4.23999786376953,-2.79525327682495,1.52135562896729,2.94033980369568,-2.91886131670905,1.70991189940257,2.94977128987141,1637.689,2881.414,2309.508,1372.181,0.02089826,-0.01974574,-0.03037708,-0.365859091281891,-0.0671143606305122,0.194793328642845,-0.293075466693573,-0.126102185737571,0.181427675003881,0
4.26000213623047,-2.80230522155762,1.52009177207947,2.94406199455261,-2.92459785749962,1.70744362616078,2.9533224818901,1656.205,2967.706,2357.257,1209.216,0.02055811,-0.02004615,-0.03105512,-0.352580547332764,-0.0632036477327347,0.186112269759178,-0.280478211503379,-0.120681938755798,0.173629373950669,0
4.27999877929688,-2.80909252166748,1.51890301704407,2.94765734672546,-2.93008171368056,1.70508407604733,2.9567172500984,1638.687,2893.036,2314.741,1347.685,0.02091627,-0.02032365,-0.03214275,-0.339389890432358,-0.0594360902905464,0.179767310619354,-0.268023157655714,-0.11532287703907,0.165919102302469,0
4.30000305175781,-2.81561899185181,1.51778841018677,2.95108962059021,-2.93531991480354,1.70283022444251,2.95995994612365,1651.711,2954.632,2348.197,1231.989,0.02061254,-0.02059369,-0.03277233,-0.32632839679718,-0.0557311102747917,0.171616703271866,-0.255710395848157,-0.110025039612021,0.158296916205408,0
4.31999969482422,-2.82188677787781,1.51674485206604,2.95439219474792,-2.94031150172962,1.70068248403701,2.96304997621316,1639.357,2901.619,2318.776,1329.213,0.02078482,-0.02084456,-0.03366662,-0.313377410173416,-0.0521630384027958,0.165130198001862,-0.243559016194652,-0.104796640417366,0.150774633349401,0
4.33999633789063,-2.8278980255127,1.51577162742615,2.95754075050354,-2.94506174975836,1.69863858501681,2.96599060602864,1648.19,2944.579,2341.905,1248.89,0.02048972,-0.02108638,-0.03422002,-0.300572425127029,-0.0486742667853832,0.157432928681374,-0.231574097577917,-0.0996398647564494,0.143355397804799,0
4.36000061035156,-2.83365631103516,1.51486492156982,2.96055936813354,-2.94957576313341,1.69669633116846,2.96878499534007,1640.293,2907.589,2321.552,1315.783,0.02051064,-0.02131328,-0.03493535,-0.287900596857071,-0.0453176721930504,0.150926321744919,-0.219761081350812,-0.0945570538913936,0.136042578028219,0
4.37999725341797,-2.8391637802124,1.51402401924133,2.96343207359314,-2.95385372673088,1.69485564294494,2.97143325859457,1646.527,2937.373,2337.28,1260.37,0.02019496,-0.02153059,-0.03539501,-0.275391459465027,-0.0420528426766396,0.143629997968674,-0.208139001499974,-0.0895563976149001,0.128847956964108,0
4.40000152587891,-2.84442448616028,1.51324570178986,2.96617579460144,-2.95790273648776,1.69311346716279,2.97393978851517,1641.285,2911.84,2323.613,1306.081,0.02007823,-0.02173512,-0.03594415,-0.263037830591202,-0.0389186963438988,0.137183770537376,-0.196709126405954,-0.0846384416756889,0.121772319800455,0
4.41999816894531,-2.84944200515747,1.51252794265747,2.9687807559967,-2.96172373724958,1.69146939728138,2.97630517000624,1645.793,2932.15,2334.395,1268.258,0.01971583,-0.021929,-0.03629782,-0.250863552093506,-0.0358879081904888,0.130249112844467,-0.185490414529404,-0.0798113433697338,0.114827402727509,0
4.44000244140625,-2.85421943664551,1.5118682384491,2.97125935554504,-2.96532388607843,1.68992035381685,2.97853383363017,1642.392,2914.892,2325.791,1298.743,0.01946839,-0.02211116,-0.03668877,-0.238866254687309,-0.0329892970621586,0.123926557600498,-0.17448465888317,-0.0750758741803761,0.108014315705644,0
4.45999908447266,-2.85876083374023,1.51126408576965,2.97360610961914,-2.96870488414517,1.68846560480288,2.98062683249275,1645.969,2928.551,2333.306,1273.016,0.0190374,-0.02228267,-0.03692579,-0.227064937353134,-0.0302054863423109,0.117335103452206,-0.163710711144574,-0.0704401454577157,0.101344728821149,0
4.47999572753906,-2.86307001113892,1.51071298122406,2.975830078125,-2.97187280263579,1.68710253797776,2.98258792494733,1644.055,2917.267,2328.332,1292.596,0.01865928,-0.02244246,-0.03716015,-0.21546134352684,-0.0275580994784832,0.111195392906666,-0.153174893518031,-0.0659068774696809,0.0948225558197242,0
4.5,-2.86715126037598,1.51021230220795,2.97792887687683,-2.97483359998852,1.68582858959198,2.98442079955101,1646.73,2926.256,2333.934,1275.444,0.01814067,-0.02259266,-0.03726721,-0.204071566462517,-0.0250371992588043,0.104937300086021,-0.142884000065177,-0.0614789935111997,0.0884520025491708,0
4.51999664306641,-2.871009349823,1.50975894927979,2.97990942001343,-2.97759010218732,1.6846425437036,2.98612720572247,1646.081,2919,2331.481,1287.609,0.01763489,-0.02273168,-0.03734497,-0.192900225520134,-0.0226590018719435,0.0990324690937996,-0.132856662250145,-0.0571645101807787,0.0822446027733257,0
4.54000091552734,-2.87464904785156,1.50935053825378,2.98177170753479,-2.98014971646193,1.68354121318858,2.98771172888979,1648.242,2924.973,2336.073,1275.988,0.01701769,-0.02286111,-0.03731089,-0.181961476802826,-0.0204185545444489,0.0931101590394974,-0.123096124252216,-0.0529648233581366,0.0762023647937058,0
4.55999755859375,-2.87807369232178,1.50898385047913,2.98352146148682,-2.98251601042629,1.68252306300231,2.98917657757595,1648.561,2920.297,2335.363,1283.414,0.0163903,-0.02297935,-0.03723046,-0.171261936426163,-0.0183280352503061,0.0874848812818527,-0.113620829717886,-0.0488878688290972,0.0703367061060822,0
4.58000183105469,-2.88129019737244,1.50865626335144,2.9851598739624,-2.98469653373031,1.68158484474136,2.99052642537387,1651.145,2924.545,2339.175,1274.804,0.0156658,-0.02308907,-0.0370483,-0.16081403195858,-0.0163850653916597,0.0819173455238342,-0.104434660908041,-0.044935317022067,0.064650030014878,0
4.59999847412109,-2.88430261611938,1.50836420059204,2.98669195175171,-2.9866955874358,1.68072470777898,2.9917639348457,1651.835,2921.666,2339.911,1279.241,0.01491203,-0.02318761,-0.03680755,-0.150626286864281,-0.0146001717075706,0.0766041949391365,-0.0955558400788821,-0.0411150084648169,0.05915361696474,0
4.62000274658203,-2.8871169090271,1.50810480117798,2.98812007904053,-2.98852088981253,1.67993933115932,2.9928938839681,1654.48,2924.572,2343.561,1273.005,0.01407361,-0.02327656,-0.03647305,-0.140709951519966,-0.012973465025425,0.0714023113250732,-0.0869889214763049,-0.0374289027221284,0.053850286250821,0
4.63999938964844,-2.88973832130432,1.50787425041199,2.98944878578186,-2.99017746583185,1.67922655277759,2.99391938343772,1656.111,2923.148,2345.394,1274.692,0.0131899,-0.02335539,-0.03607039,-0.13107405602932,-0.0115134855732322,0.0664367377758026,-0.0787518717320577,-0.0338847303337086,0.0487511600740387,0
4.65999603271484,-2.89217281341553,1.5076699256897,2.99068117141724,-2.99167268939905,1.67858319984833,2.9948449980532,1658.819,2925.32,2349.248,1269.847,0.01222579,-0.02342357,-0.0355777,-0.121729545295238,-0.0102225989103317,0.0616185143589973,-0.0708528993697168,-0.030486023197934,0.0438613199015112,0
4.68000030517578,-2.89442682266235,1.50748753547668,2.99182176589966,-2.99301392013454,1.6780061057325,2.99567528377015,1661.105,2924.747,2351.99,1269.947,0.01120602,-0.02348162,-0.03501045,-0.112686082720757,-0.00910860858857632,0.0570328012108803,-0.0633008373176942,-0.0272365818771378,0.0391862337367037,0
4.69999694824219,-2.89650559425354,1.50732398033142,2.99287414550781,-2.99420724789109,1.67749265013657,2.99641401049753,1663.911,2926.573,2356.366,1265.769,0.01010808,-0.02352903,-0.03435371,-0.103954575955868,-0.00817534513771534,0.0526184029877186,-0.0561132031658786,-0.0241439437008628,0.034736745802233,0
4.72000122070313,-2.89841651916504,1.50717556476593,2.99384307861328,-2.99526093613941,1.67703927751996,2.99706629371738,1666.968,2926.586,2359.885,1264.65,0.008947406,-0.02356578,-0.03361762,-0.0955448597669601,-0.00743012921884656,0.048444502055645,-0.0492963837173814,-0.021210856732063,0.0305168098334736,0
4.73999786376953,-2.90016555786133,1.5070378780365,2.99473237991333,-2.99618176869048,1.67664306899832,2.99763633293182,1670.138,2928.312,2364.77,1260.672,0.007707817,-0.02359135,-0.03279097,-0.0874680653214455,-0.00687756203114986,0.0444630794227123,-0.0428675524613489,-0.0184447102433456,0.0265370570382863,0
4.76000213623047,-2.90176057815552,1.50690746307373,2.99554681777954,-2.99697828028858,1.67630035230961,2.99812941155416,1673.562,2928.745,2369.206,1258.813,0.006401139,-0.02360626,-0.03188124,-0.0797346234321594,-0.00652492698282003,0.0407269187271595,-0.0368338920540427,-0.0158485947310378,0.0228019338230592,0
4.77999877929688,-2.90320777893066,1.50678014755249,2.99629092216492,-2.99765793420972,1.67600791621468,2.99855014970775,1677.251,2930.352,2374.632,1254.94,0.005017328,-0.02360999,-0.03087988,-0.0723556280136108,-0.00637726904824376,0.0372077263891697,-0.0312121953343265,-0.0134297356845696,0.0193218357550027,0
4.80000305175781,-2.90451431274414,1.5066511631012,2.99696969985962,-2.99822956904203,1.67576195771596,2.9989040188997,1681.373,2931.191,2379.778,1252.295,0.003562766,-0.023602,-0.02979278,-0.0653416886925697,-0.0064413184300065,0.0339446924626827,-0.026010477691921,-0.0111915819022101,0.01610172474218,0
4.81999969482422,-2.90568852424622,1.506516456604,2.99758791923523,-2.99870131155819,1.67555898009022,2.99919604998941,1685.741,2933.027,2385.833,1247.96,0.002026192,-0.02358282,-0.02861247,-0.0587039329111576,-0.00672241067513824,0.0309158861637115,-0.0212451141043317,-0.00914117907931811,0.0131517376757131,0
4.83999633789063,-2.90673756599426,1.50637221336365,2.99815106391907,-2.99908220911549,1.67539509051236,2.99943184372205,1690.049,2934.04,2391.92,1245.105,0.0004165704,-0.02355087,-0.02734374,-0.0524537116289139,-0.00722801079973578,0.0281513035297394,-0.0169265510445076,-0.00728302204135733,0.0104783414199936,0
4.86000061035156,-2.90766906738281,1.50621294975281,2.99866390228271,-2.99938142191334,1.67526634760449,2.99961707069739,1695.174,2935.844,2398.523,1240.658,-0.001274056,-0.02350719,-0.02598286,-0.0466019809246063,-0.00796365924179554,0.0256465207785368,-0.0130660253322166,-0.00562194567796404,0.008088492101745,0
4.87999725341797,-2.90849256515503,1.50603437423706,2.99913215637207,-2.99960803867657,1.6751688407422,2.99975735726909,1700.36,2937.471,2405.456,1236.608,-0.003046124,-0.02345073,-0.02452984,-0.0411601178348064,-0.00893625989556313,0.0234143566340208,-0.00967921398219573,-0.00416469537060316,0.00599189453988558,0
4.90000152587891,-2.90921568870544,1.5058308839798,2.99956130981445,-2.99977180989199,1.67509837456345,2.99985873945294,1705.537,2939.201,2413.054,1232.401,-0.004899151,-0.02338042,-0.02298361,-0.0361397080123425,-0.0101526062935591,0.0214549787342548,-0.00677637982015966,-0.00291568692647992,0.00419490191241678,0
4.91999816894531,-2.90984678268433,1.50559878349304,2.99995708465576,-2.99988244123422,1.67505077298757,2.99992722552388,1711.524,2941.048,2420.849,1227.731,-0.006834204,-0.02329733,-0.0213447,-0.0315520763397217,-0.0116194011643529,0.0197882782667875,-0.00437268608126473,-0.00188144466206275,0.00270690098422932,0
4.94000244140625,-2.91039514541626,1.50533175468445,3.00032544136047,-2.99995011292156,1.67502165575103,2.99996911752199,1717.745,2943.1,2429.089,1222.795,-0.008853945,-0.02319986,-0.01961099,-0.0274088568985462,-0.0133433490991592,0.0184160862118006,-0.00247936261166615,-0.00106680046642538,0.0015348435650413,0
4.95999908447266,-2.91086912155151,1.50502514839172,3.00067234039307,-2.99998512623842,1.67500659049895,2.99999079243305,1724.176,2945.237,2437.868,1217.695,-0.01096051,-0.02308801,-0.01778299,-0.0237217973917723,-0.0153314806520939,0.0173448286950588,-0.00111101934049884,-0.000478040583929307,0.000687773896959953,0
4.97999572753906,-2.91127943992615,1.50467324256897,3.0010039806366,-2.99999812847505,1.67500099599976,2.99999884143691,1730.99,2947.424,2447.09,1212.415,-0.01315389,-0.02296177,-0.01585912,-0.0205028411000967,-0.0175911895930767,0.016585536301136,-0.00028010575130466,-0.0001205216795368,0.000173398803346103,0
5,-2.91163444519043,1.50427091121674,3.0013267993927,-3,1.67500019073486,3,1737.978,2949.711,2456.952,1206.929,-0.01543462,-0.02281903,-0.01383992,-0.0177640803158283,-0.0201297029852867,0.016142288222909,1.77635683940025E-16,0,0,0
5.01999664306641,-2.911945104599,1.50381171703339,3.00164747238159,-3.00000066508669,1.67500019073486,2.99999812425281,1745.97,2952.128,2466.854,1201.025,-0.01780376,-0.02266137,-0.01172643,-0.0155174098908901,-0.0229542292654514,0.0160383377224207,-9.94515754621455E-05,0,-0.000280845008335567,0
5.04000091552734,-2.91222238540649,1.50329351425171,3.00180077552795,-3.00000527129059,1.67500019073486,2.99998507564741,1452.227,3004.745,2808.835,1073.078,-0.01955399,-0.02225444,-0.007021158,-0.0138791613280773,-0.0259210094809532,0.00766015332192183,-0.00039272091870117,0,-0.00111479831705863,0
5.05999755859375,-2.91248559951782,1.50270867347717,3.00208210945129,-3.00001761098017,1.67500019073486,2.99994994323765,1650.926,2734.456,2537.309,1436.938,-0.01568549,-0.02209625,-0.004120443,-0.0131478514522314,-0.029232582077384,0.0140625890344381,-0.000871788730430887,0,-0.0024877958160665,0
5.08000183105469,-2.91274070739746,1.50207805633545,3.00231647491455,-3.00004133614568,1.67500019073486,2.99988204137455,1792.754,3036.665,2587.179,889.5608,-0.01368492,-0.02227255,0.0006843268,-0.0127562843263149,-0.0315313115715981,0.0117173735052347,-0.00152929660279775,0,-0.00438755916006639,0
5.09999847412109,-2.91300344467163,1.5014111995697,3.00265097618103,-3.00007991576336,1.67500019073486,2.99977103373532,1757.714,2763.761,2310.662,1464.203,-0.008368185,-0.02246802,0.003090332,-0.0131468502804637,-0.0333510302007198,0.0167197771370411,-0.00235709852172269,0,-0.00679942872629981,0
5.12000274658203,-2.91327786445618,1.50073039531708,3.00290942192078,-3.00013671590443,1.67500019073486,2.99960670547507,1832.966,2994.265,2360.166,1056.93,-0.00575083,-0.02268587,0.006046643,-0.0137041211128235,-0.0340359769761562,0.012922678142786,-0.00334825338170649,0,-0.00971213647184989,0
5.13999938964844,-2.91357159614563,1.50004708766937,3.00317859649658,-3.00021487755244,1.67500019073486,2.99937931790667,1785.827,2804.532,2212.536,1429.051,-0.002147573,-0.02273434,0.006825721,-0.0147041538730264,-0.0341705493628979,0.0134592540562153,-0.00449451178838619,0,-0.0131104675859657,0
5.15999603271484,-2.91388463973999,1.49937415122986,3.00331711769104,-3.00031745292137,1.67500019073486,2.99907921695105,1802.812,2984.453,2330.449,1073.312,-0.001707086,-0.02270931,0.008156413,-0.0156521815806627,-0.0336368009448051,0.00692573050037026,-0.00578880570328278,0,-0.0169825582185582,0
5.18000030517578,-2.91422128677368,1.49871456623077,3.00339508056641,-3.00044738382699,1.67500019073486,2.99869689425148,1727.518,2835.935,2292.265,1325.865,-0.0009342369,-0.02252661,0.008315185,-0.016820328310132,-0.0329844057559967,0.00390016683377326,-0.00722436861937426,0,-0.0213173763820995,0
5.19999694824219,-2.91457986831665,1.49807047843933,3.00331950187683,-3.00060731268645,1.67500019073486,2.99822354716928,1719.715,2959.785,2427.594,1043.283,-0.002290851,-0.02233327,0.00948559,-0.0179288238286972,-0.032204769551754,-0.0037818041164428,-0.0087928388205614,0,-0.026098948685983,0
5.22000122070313,-2.91496562957764,1.49743819236755,3.00316023826599,-3.00079995980108,1.67500019073486,2.99764996800121,1656.933,2834.438,2408.736,1241.346,-0.002632268,-0.02209625,0.01029059,-0.0192881245166063,-0.0316170416772366,-0.00796556286513805,-0.010488218353544,0,-0.0313183592418414,0
5.23999786376953,-2.91538000106812,1.49681687355042,3.00285911560059,-3.00102763209724,1.67500019073486,2.99696800233252,1665.774,2914.984,2492.213,1040.856,-0.003675695,-0.02194498,0.01216472,-0.0207410659641027,-0.0310657098889351,-0.0150615954771638,-0.0123020984380113,0,-0.0369591773749731,0
5.26000213623047,-2.91583132743835,1.4962043762207,3.00247836112976,-3.00129281679437,1.67500019073486,2.99616878151186,1639.234,2811.728,2433.646,1216.749,-0.003112703,-0.02183153,0.0137709,-0.0225544851273298,-0.0306285731494427,-0.0190349090844393,-0.0142288195796569,0,-0.0430133604324368,0
5.27999877929688,-2.91632270812988,1.49560344219208,3.00197052955627,-3.0015974838814,1.67500019073486,2.99524481687794,1670.141,2873.008,2453.435,1076.132,-0.002657302,-0.02182514,0.01600662,-0.0245555713772774,-0.0300498530268669,-0.0253973957151175,-0.0162599476540255,0,-0.0494640584568776,0
5.29999542236328,-2.91686105728149,1.4950168132782,3.0013792514801,-3.00194376030075,1.67500019073486,2.99418797421243,1665.947,2794.57,2366.224,1229.082,-0.0008767126,-0.02184165,0.01766533,-0.0269121378660202,-0.0293256621807814,-0.0295626260340214,-0.018389309834974,0,-0.0563013834389553,0
5.31999969482422,-2.91744899749756,1.49445164203644,3.00065350532532,-3.00233369942423,1.67500019073486,2.99299015796309,1696.643,2851.12,2363.971,1114.353,0.0004582034,-0.02191089,0.01948284,-0.0294040869921446,-0.0282722618430853,-0.0362915620207787,-0.0206109588169014,0,-0.0635161462431505,0
5.33999633789063,-2.91809177398682,1.49391222000122,2.99981904029846,-3.00276876502962,1.67500019073486,2.99164490761135,1688.261,2791.96,2292.114,1234.945,0.002348863,-0.02194604,0.02054718,-0.0321314334869385,-0.0269509181380272,-0.0417218245565891,-0.0229164621736129,0,-0.0710909378217046,0
5.36000061035156,-2.91878938674927,1.49340581893921,2.99882388114929,-3.00325091713979,1.67500019073486,2.99014405585866,1700.253,2842.955,2309.429,1126.346,0.003306375,-0.02197694,0.02163297,-0.0348769761621952,-0.0253242086619139,-0.0497540347278118,-0.0253009135248404,0,-0.0790197351853506,0
5.37999725341797,-2.9195442199707,1.49293518066406,2.99768733978271,-3.00378128269869,1.67500019073486,2.98848184522821,1677.982,2792.779,2274.222,1216.229,0.004343241,-0.02194391,0.02211346,-0.0377326831221581,-0.0235240142792463,-0.0568297952413559,-0.0277559073803663,0,-0.0872848020997426,0
5.40000152587891,-2.92035436630249,1.49250364303589,2.99636554718018,-3.00436163084196,1.67500019073486,2.9866503343413,1675.217,2834.028,2314.348,1112.294,0.004413094,-0.02189598,0.0227676,-0.040533471852541,-0.0215885229408741,-0.0660854279994965,-0.0302768026259483,0,-0.0958808598751421,0
5.41999816894531,-2.92122220993042,1.49211072921753,2.99487972259521,-3.00499275316083,1.67500019073486,2.98464448113484,1648.003,2786.366,2300.422,1184.892,0.004625739,-0.0218001,0.02310145,-0.0433964692056179,-0.0196407418698072,-0.0742868185043335,-0.0328552408129717,0,-0.104789880768837,0
5.44000244140625,-2.92214679718018,1.49175667762756,2.99319767951965,-3.00567623811556,1.67500019073486,2.98245654108643,1644.027,2816.56,2340.473,1095.446,0.004246505,-0.02171382,0.02376699,-0.0462127476930618,-0.0176967717707157,-0.0841029733419418,-0.0354868262182353,0,-0.114007295044294,0
5.45999908447266,-2.92312908172607,1.49144053459167,2.99134278297424,-3.00641254422081,1.67500019073486,2.98008219850482,1624.092,2770.654,2322.016,1163.817,0.00431415,-0.02161209,0.02426414,-0.0491105504333973,-0.0158135704696178,-0.0927445665001869,-0.0381632670790708,0,-0.12351481846486,0
5.47999572753906,-2.92416906356812,1.49116146564484,2.9892897605896,-3.00720277679881,1.67500019073486,2.97751489511015,1628.426,2794.1,2343.269,1092.055,0.004147227,-0.02154337,0.02507199,-0.0520001091063023,-0.0139515278860927,-0.102653749287128,-0.0408793505892822,0,-0.133304767877677,0
5.5,-2.92526865005493,1.4909188747406,2.98705959320068,-3.00804800000638,1.67500019073486,2.97474800000638,1618.543,2753.107,2310.501,1158.831,0.004549358,-0.02147413,0.02567139,-0.0549879372119904,-0.0121151367202401,-0.111512444913387,-0.0436300000362095,0,-0.14336999996379,0
5.51999664306641,-2.92642831802368,1.49071443080902,2.98462748527527,-3.00894817873592,1.67500019073486,2.97177830450788,1628.368,2774.925,2315.819,1098.75,0.004770356,-0.02143685,0.02644173,-0.057973176240921,-0.0102460514754057,-0.121606893837452,-0.0464070595002189,0,-0.153691909963601,0
5.54000091552734,-2.92764902114868,1.49054718017578,2.98200917243958,-3.00990448933936,1.67500019073486,2.96859843819513,1621.655,2739.649,2278.185,1160.683,0.005415179,-0.02138891,0.02690258,-0.0610324293375015,-0.00834694225341082,-0.130921348929405,-0.0492066627918381,0,-0.16426755018171,0
5.55999755859375,-2.92892980575562,1.49041962623596,2.9791784286499,-3.01091657267957,1.67500019073486,2.96520594013736,1629.59,2761.459,2282.252,1103.911,0.005723404,-0.02135536,0.02742585,-0.0640543401241302,-0.00638553686439991,-0.141541659832001,-0.0520207677683903,0,-0.175078143993384,0
5.58000183105469,-2.93027210235596,1.49033164978027,2.97614669799805,-3.0119854541068,1.67500019073486,2.9615935459069,1619.9,2730.577,2252.716,1156.51,0.006231408,-0.0212957,0.02761983,-0.0671005249023438,-0.00439135264605284,-0.151581704616547,-0.054845687703311,0,-0.186121334174806,0
5.59999847412109,-2.93167352676392,1.49028444290161,2.9728889465332,-3.01311045536771,1.67500019073486,2.95775954854657,1621.962,2750.695,2264.913,1100.225,0.006284923,-0.02123605,0.02787667,-0.0700681135058403,-0.00236705667339265,-0.162888273596764,-0.0576735122607825,0,-0.197378204927316,0
5.62000274658203,-2.93313407897949,1.49027717113495,2.96941614151001,-3.01429245763202,1.67500019073486,2.95369676665053,1608.54,2721.461,2246.433,1144.768,0.006451023,-0.02114603,0.02787645,-0.0730220973491669,-0.000358834862709045,-0.17364564538002,-0.0605007163778869,0,-0.208846957139373,0
5.63999938964844,-2.93465161323547,1.49030947685242,2.96570634841919,-3.0155304691555,1.67500019073486,2.94940425215952,1607.541,2738.592,2264.115,1090.385,0.006204688,-0.02105655,0.0280025,-0.0758799090981483,0.00162147451192141,-0.185494691133499,-0.0633195390942858,0,-0.220508567865795,0
5.65999603271484,-2.93622541427612,1.49038052558899,2.9617714881897,-3.01682472854389,1.67500019073486,2.94487665776288,1593.918,2709.728,2250.001,1131.225,0.006135036,-0.02094416,0.02795817,-0.0787144526839256,0.00353622576221824,-0.196737796068192,-0.0661255322361119,0,-0.232357209344979,0
5.68000030517578,-2.9378547668457,1.49048829078674,2.95759391784668,-3.01817545038646,1.67500019073486,2.94010847966911,1593.971,2723.562,2265.009,1082.77,0.005795598,-0.02084083,0.02807298,-0.0814596563577652,0.0053881760686636,-0.208876952528954,-0.0689143036356949,0,-0.244387448049321,0
5.69999694824219,-2.93953847885132,1.4906313419342,2.95318579673767,-3.01958118479079,1.67500019073486,2.93509991455975,1583.817,2696.476,2248.509,1120.999,0.005712625,-0.02072525,0.02805545,-0.0841858685016632,0.00716071203351021,-0.220405101776123,-0.0716783483105585,0,-0.256580158917497,0
5.72000122070313,-2.94127535820007,1.49080872535706,2.94853162765503,-3.02104247776355,1.67500019073486,2.92984389642987,1585.792,2707.775,2256.885,1080.301,0.00546673,-0.02062245,0.02817051,-0.0868333131074905,0.00887211784720421,-0.232714146375656,-0.0744144705017087,0,-0.268934800858502,0
5.73999786376953,-2.94306468963623,1.49101912975311,2.94364213943481,-3.02255758297783,1.67500019073486,2.92434138768079,1579.231,2683.353,2236.707,1115.98,0.005484941,-0.02051167,0.02813528,-0.0894605815410614,0.010518990457058,-0.244476303458214,-0.077115356504048,0,-0.281432218826045,0
5.76000213623047,-2.94490432739258,1.49126160144806,2.93850231170654,-3.02412692072026,1.67500019073486,2.91858533485079,1582.087,2693.91,2240.751,1079.848,0.005343167,-0.020411,0.02818192,-0.0920063480734825,0.0121216764673591,-0.256991028785706,-0.0797779135589302,0,-0.294072321814048,0
5.77999877929688,-2.94679474830627,1.49153506755829,2.93312120437622,-3.02574845620135,1.67500019073486,2.91257746666413,1576.343,2672.196,2220.918,1111.83,0.0053955,-0.02029968,0.02805717,-0.0945177301764488,0.0136742182075977,-0.269058167934418,-0.0823950351928152,0,-0.306835954495439,0
5.79999542236328,-2.94873332977295,1.49183893203735,2.92748403549194,-3.02742183957374,1.67500019073486,2.90631316406563,1577.592,2682.025,2225.528,1078.102,0.00524598,-0.02019209,0.02798527,-0.0969346463680267,0.0151873175054789,-0.281861931085587,-0.0849627463136996,0,-0.319718509937749,0
5.81999969482422,-2.95071935653687,1.49217176437378,2.92159867286682,-3.02914670084026,1.67500019073486,2.89978760369822,1570.818,2661.865,2209.439,1106.415,0.005230146,-0.02006958,0.02774624,-0.0992991477251053,0.0166469793766737,-0.294271230697632,-0.0874770720029991,0,-0.332715671490599,0
5.83999633789063,-2.95275020599365,1.49253273010254,2.91545152664185,-3.03092058886144,1.67500019073486,2.89300366226563,1570.999,2671.567,2216.478,1072.265,0.004985137,-0.01994974,0.02757183,-0.101556800305843,0.0180563665926456,-0.307360589504242,-0.0899312455168651,0,-0.345808337643594,0
5.86000061035156,-2.95482563972473,1.49292063713074,2.90905022621155,-3.03274362492715,1.67500019073486,2.88595424401461,1562.607,2651.648,2204.019,1099.028,0.004864463,-0.01981392,0.02726039,-0.103751011192799,0.0193969272077084,-0.320060700178146,-0.0923223638106431,0,-0.358997415516551,0
5.87999725341797,-2.95694208145142,1.4933340549469,2.90238332748413,-3.0346130920755,1.67500019073486,2.87864298839767,1562.288,2660.059,2211.847,1066.778,0.004553483,-0.01968183,0.02702971,-0.105835638940334,0.020672932267189,-0.333348572254181,-0.0946439052379906,0,-0.372263874672011,0
5.90000152587891,-2.95909905433655,1.49377155303955,2.89545869827271,-3.03652899651945,1.67500019073486,2.87106275628075,1554.744,2640.991,2200.258,1091.585,0.004392159,-0.01953908,0.02668877,-0.107853822410107,0.0218710098415613,-0.346230655908585,-0.0968930167416945,0,-0.385608972418423,0
5.91999816894531,-2.96129441261292,1.49423122406006,2.88826632499695,-3.03848836556711,1.67500019073486,2.86321794647231,1554.994,2648.383,2206.36,1062.213,0.00409061,-0.01940166,0.02643189,-0.109765015542507,0.0230012033134699,-0.359620839357376,-0.0990634361126554,0,-0.399013776772235,0
5.94000244140625,-2.96352672576904,1.49471282958984,2.88081407546997,-3.04049109207043,1.67500019073486,2.8551013629928,1548.44,2630.167,2194.123,1086.263,0.003961376,-0.01925732,0.02607141,-0.111608937382698,0.0240562409162521,-0.372617870569229,-0.101152346172005,0,-0.412479868181453,0
5.95999908447266,-2.96579360961914,1.49521374702454,2.87309288978577,-3.04253395826434,1.67500019073486,2.84671815953186,1549.711,2636.84,2197.544,1059.871,0.003723962,-0.0191199,0.02577674,-0.113347500562668,0.025051187723875,-0.386060029268265,-0.103153758026343,0,-0.425988439833603,0
5.97999572753906,-2.96809387207031,1.49573314189911,2.86510992050171,-3.04461594322171,1.67500019073486,2.83806442428323,1544.196,2620.318,2184.957,1081.882,0.003644069,-0.01897662,0.02537451,-0.115013763308525,0.0259813666343689,-0.399153590202332,-0.105064165751811,0,-0.439536193589532,0
6,-2.97042512893677,1.49627041816711,2.85685682296753,-3.04673600004315,1.67500019073486,2.82913600004315,1545.095,2626.074,2187.104,1058.734,0.003462933,-0.01883814,0.02501408,-0.116571582853794,0.0268607120960951,-0.41265332698822,-0.106880000114441,0,-0.453119999885559,0
6.01999664306641,-2.97278642654419,1.49682426452637,2.84833979606628,-3.04889056454583,1.67500019073486,2.81993916206036,1540.504,2611.85,2175.58,1076.831,0.0033975,-0.01869486,0.02455018,-0.118047848343849,0.0276838429272175,-0.425848573446274,-0.108595707178845,0,-0.46672128829162,0
6.04000091552734,-2.97517442703247,1.49739336967468,2.8395516872406,-3.05107925009858,1.67500019073486,2.81046652029042,1539.807,2616.163,2177.812,1057.35,0.003233385,-0.01855371,0.02411367,-0.119410768151283,0.0284593440592289,-0.439408719539642,-0.110208500762241,0,-0.480342333097653,0
6.05999755859375,-2.97758865356445,1.49797701835632,2.83049774169922,-3.05329827643441,1.67500019073486,2.80072508911747,1535.473,2603.576,2168.25,1072.142,0.003159872,-0.0184067,0.02358424,-0.120682999491692,0.0291808824986219,-0.452693432569504,-0.111713132921776,0,-0.493964752931133,0
6.08000183105469,-2.98002505302429,1.49857437610626,2.82117199897766,-3.05554714531578,1.67500019073486,2.79070738276802,1534.067,2606.927,2170.667,1054.932,0.002999051,-0.01826236,0.02307952,-0.121837794780731,0.0298546962440014,-0.466282099485397,-0.113106807604939,0,-0.507591055779539,0
6.09999847412109,-2.98248291015625,1.49918401241302,2.81157994270325,-3.05782187287835,1.67500019073486,2.78042114670903,1530.019,2595.546,2162.394,1067.511,0.002921436,-0.01811376,0.02249595,-0.122895240783691,0.0304750390350819,-0.479606926441193,-0.11438459512543,0,-0.521203073721831,0
6.1199951171875,-2.98495960235596,1.49980449676514,2.80171632766724,-3.06012096711448,1.67500019073486,2.7698628707806,1528.348,2598.107,2164.4,1052.495,0.002776599,-0.01796781,0.02193691,-0.123833060264587,0.0310482010245323,-0.493178963661194,-0.115543258667007,0,-0.534798341488605,0
6.13999938964844,-2.98745274543762,1.50043630599976,2.79158639907837,-3.06244289811072,1.67500019073486,2.75902878189549,1524.29,2587.289,2156.811,1064.453,0.002725441,-0.01781921,0.02130528,-0.124669082462788,0.0315704010426998,-0.506498336791992,-0.116579455184539,0,-0.548374477017574,0
6.15999603271484,-2.98996067047119,1.50107717514038,2.78118634223938,-3.06478340108425,1.67500019073486,2.74792770488013,1523.809,2590.023,2157.554,1049.944,0.002617947,-0.01767593,0.02069652,-0.12538355588913,0.0320506133139133,-0.52000617980957,-0.117488754329958,0,-0.561913676826712,0
6.18000030517578,-2.99248027801514,1.50172686576843,2.77052068710327,-3.06714169497792,1.67500019073486,2.73655187793613,1519.319,2579.609,2150.228,1062.136,0.002606586,-0.01753052,0.02001671,-0.125991836190224,0.032485444098711,-0.533286988735199,-0.118268283743741,0,-0.575418929312331,0
6.19999694824219,-2.99501013755798,1.50238442420959,2.75958633422852,-3.06951334469274,1.67500019073486,2.72491083268948,1519.212,2581.931,2149.976,1049.328,0.002552709,-0.01738991,0.01934827,-0.126476034522057,0.0328850373625755,-0.546712636947632,-0.118913959975257,0,-0.588872702522526,0
6.22000122070313,-2.9975471496582,1.50304961204529,2.74838781356812,-3.07189745331068,1.67500019073486,2.71299668468181,1515.261,2572.675,2142.867,1060.113,0.00258396,-0.01724823,0.01860809,-0.126847848296165,0.0332468748092651,-0.559929072856903,-0.119422860697576,0,-0.602278137240175,0
6.23999786376953,-3.00008869171143,1.50372123718262,2.7369225025177,-3.07428942950739,1.67500019073486,2.70081966103357,1514.983,2574.64,2142.104,1048.994,0.002575176,-0.01711134,0.01786876,-0.127090990543365,0.0335798561573029,-0.573259949684143,-0.119791260007075,0,-0.615617995114221,0
6.26000213623047,-3.0026330947876,1.50439882278442,2.72519469261169,-3.07668825829529,1.67500019073486,2.68837174896782,1511.327,2566.512,2135.6,1058.298,0.002634156,-0.01697339,0.01705956,-0.127214431762695,0.0338809713721275,-0.586396634578705,-0.120016175190488,0,-0.628895547575282,0
6.27999877929688,-3.00517749786377,1.50508165359497,2.71320223808289,-3.07908920663214,1.67500019073486,2.67566385892477,1510.347,2568.086,2135.109,1048.675,0.002654292,-0.01683917,0.01624694,-0.127203807234764,0.034156858921051,-0.599626123905182,-0.120094248079489,0,-0.642093871280081,0
6.29999542236328,-3.00771856307983,1.50576984882355,2.70094895362854,-3.08149022314595,1.67500019073486,2.66269284389162,1506.773,2560.565,2129.313,1057.213,0.002737356,-0.01670441,0.01536715,-0.127066850662231,0.0344041548669338,-0.61265903711319,-0.120022481981788,0,-0.655211358734572,0
6.31999969482422,-3.01025462150574,1.50646245479584,2.68843412399292,-3.0838891950784,1.67500019073486,2.64945528795569,1505.944,2561.861,2128.426,1048.9,0.002789864,-0.01657338,0.01447762,-0.126790836453438,0.0346291214227676,-0.625743269920349,-0.11979772709648,0,-0.66824638783849,0
6.33999633789063,-3.01278233528137,1.50715899467468,2.67566108703613,-3.08628120488895,1.67500019073486,2.6359631018099,1502.692,2556.028,2123.716,1054.797,0.002885107,-0.01644289,0.01353589,-0.126381069421768,0.0348288863897324,-0.638657450675964,-0.119417194915291,0,-0.681182546412241,0
6.36000061035156,-3.01529884338379,1.5078592300415,2.6626296043396,-3.08866493013629,1.67500019073486,2.62220793269202,1500.869,2555.699,2122.309,1050.384,0.002973208,-0.01631612,0.01257561,-0.125829309225082,0.0350075699388981,-0.651571035385132,-0.118877709211933,0,-0.694023341747941,0
6.37999725341797,-3.01780128479004,1.50856256484985,2.64934301376343,-3.09103534953155,1.67500019073486,2.60820234054933,1498.574,2551.378,2118.056,1053.925,0.003097079,-0.01619202,0.01156994,-0.12513779103756,0.0351649671792984,-0.664327502250671,-0.118176872665205,0,-0.706752727285151,0
6.40000152587891,-3.02028751373291,1.50926852226257,2.63580203056335,-3.09339101174562,1.67500019073486,2.59393783106526,1496.664,2550.452,2115.983,1051.572,0.003225107,-0.01607111,0.0105391,-0.124300457537174,0.0353047624230385,-0.677044451236725,-0.117311415829638,0,-0.71937427010703,0
6.41999816894531,-3.02275395393372,1.50997710227966,2.62200951576233,-3.0957268075622,1.67500019073486,2.57942759843248,1494.501,2547.089,2112.235,1054.088,0.003383441,-0.01595287,0.009466138,-0.123317442834377,0.0354277826845646,-0.689622342586517,-0.116279341144951,0,-0.731872308356003,0
6.44000244140625,-3.02519774436951,1.51068782806396,2.60796713829041,-3.09804115286709,1.67500019073486,2.56466300476561,1492.79,2545.686,2109.446,1053.454,0.003555002,-0.01583835,0.008358754,-0.122184216976166,0.0355371870100498,-0.702119648456573,-0.115077277603287,0,-0.744250450154459,0
6.45999908447266,-3.0276153087616,1.51140058040619,2.59367728233337,-3.10032886667114,1.67500019073486,2.54965786274362,1491.013,2543.574,2106.126,1054.472,0.003743191,-0.01572756,0.00721265,-0.120898641645908,0.0356345027685165,-0.714495897293091,-0.113703635517853,0,-0.756493436767602,0
6.47999572753906,-3.03000497817993,1.51211476325989,2.57914209365845,-3.1025873721767,1.67500019073486,2.5344092536072,1489.095,2541.749,2103.032,1055.486,0.003946441,-0.01561944,0.006025958,-0.119457677006721,0.0357211232185364,-0.726762652397156,-0.112155558671184,0,-0.768600306781546,0
6.5,-3.03236198425293,1.51283097267151,2.56436371803284,-3.1048140001215,1.67500019073486,2.5189140001215,1487.108,2540.158,2100.312,1056.314,0.004162862,-0.01551398,0.00479943,-0.117858029901981,0.0357984006404877,-0.738917529582977,-0.110430000197142,0,-0.780569999802858,0
6.51999664306641,-3.03468370437622,1.51354837417603,2.54934477806091,-3.10700349283527,1.67500019073486,2.5031868115154,1485.667,2539.02,2097.474,1056.532,0.004384649,-0.01541278,0.003536648,-0.116096787154675,0.0358673594892025,-0.750945508480072,-0.10852599638086,0,-0.792387894824435,0
6.54000091552734,-3.03696727752686,1.51426696777344,2.53408789634705,-3.10915391512043,1.67500019073486,2.48721868695222,1483.359,2537.261,2094.795,1058.506,0.004620655,-0.01531424,0.002233381,-0.114171773195267,0.0359277836978436,-0.762845814228058,-0.106439888845951,0,-0.804057624884785,0
6.55999755859375,-3.03920912742615,1.51498675346375,2.51859545707703,-3.11125997925771,1.67500019073486,2.4710249116437,1481.613,2536.512,2092.614,1058.657,0.004862404,-0.01521943,0.0008974578,-0.112079948186874,0.035980798304081,-0.774623394012451,-0.104171140013698,0,-0.815565015243704,0
6.58000183105469,-3.04140520095825,1.51570701599121,2.50287079811096,-3.11331960119014,1.67500019073486,2.45459633976193,1479.706,2534.615,2089.629,1061.438,0.005126614,-0.01512729,-0.0004820322,-0.109819754958153,0.0360265336930752,-0.78623902797699,-0.101715964377317,0,-0.826913679576505,0
6.59999847412109,-3.0435528755188,1.51642847061157,2.48691606521606,-3.11532748032679,1.67500019073486,2.43794881432631,1478.363,2534.856,2087.707,1060.585,0.005389265,-0.01503994,-0.001889247,-0.107387475669384,0.0360670350492001,-0.797736346721649,-0.0990742569923682,0,-0.838089905506577,0
6.6199951171875,-3.04564881324768,1.51715052127838,2.4707350730896,-3.11728064426586,1.67500019073486,2.42107952369191,1476.308,2532.609,2084.471,1064.851,0.005679678,-0.01495578,-0.003343865,-0.104782588779926,0.0361016802489758,-0.809049367904663,-0.0962432154593492,0,-0.849093107127149,0
6.63999938964844,-3.04768848419189,1.51787304878235,2.45433020591736,-3.11917599979242,1.67500019073486,2.40398541563339,1475.078,2533.126,2082.573,1064.366,0.005971608,-0.01487535,-0.004829376,-0.102000877261162,0.0361331142485142,-0.820239186286926,-0.0932198239894436,0,-0.859922543220381,0
6.65999603271484,-3.04966926574707,1.51859641075134,2.43770527839661,-3.12100825975685,1.67500019073486,2.3866831343813,1473.519,2532.096,2079.852,1066.989,0.006276185,-0.01479919,-0.006354302,-0.0990409255027771,0.0361608490347862,-0.831249415874481,-0.0900046377221885,0,-0.870565223637328,0
6.68000030517578,-3.05158758163452,1.51931977272034,2.42086315155029,-3.12277494464275,1.67500019073486,2.36916317776385,1471.889,2531.761,2077.576,1068.908,0.006590858,-0.01472675,-0.007916513,-0.0959004312753677,0.0361857376992702,-0.842104911804199,-0.0865935269274028,0,-0.881024646132552,0
6.69999694824219,-3.05343914031982,1.52004444599152,2.40380716323853,-3.12447079842693,1.67500019073486,2.35144269968226,1470.332,2531.74,2075.642,1070.395,0.006912014,-0.01465751,-0.009512811,-0.0925769135355949,0.0362081490457058,-0.852800011634827,-0.0829874936056152,0,-0.891288320256985,0
6.72000122070313,-3.05522060394287,1.52076840400696,2.38654112815857,-3.12609317347526,1.67500019073486,2.33351205943817,1469.204,2530.984,2072.788,1073.628,0.007249684,-0.01459252,-0.01115279,-0.089068591594696,0.0362283475697041,-0.863297343254089,-0.0791822609786279,0,-0.901359672130627,0
6.73999786376953,-3.0569281578064,1.52149367332458,2.36906790733337,-3.12763686286511,1.67500019073486,2.31538890033728,1467.662,2532.275,2071.637,1073.648,0.007580518,-0.01453127,-0.01281833,-0.0853726267814636,0.0362473763525486,-0.873659014701843,-0.0751792827916435,0,-0.911226724777763,0
6.76000213623047,-3.05855798721313,1.52221882343292,2.35139226913452,-3.12909904486792,1.67500019073486,2.29706344629116,1466.363,2530.742,2068.521,1078.91,0.007936627,-0.01447321,-0.0145334,-0.0814880579710007,0.0362637639045715,-0.883787631988525,-0.0709741305654057,0,-0.920892819242252,0
6.77999877929688,-3.06010627746582,1.52294492721558,2.3335165977478,-3.13047457982179,1.67500019073486,2.27855380920621,1465.181,2533.097,2067.814,1077.747,0.008278271,-0.01441942,-0.01626765,-0.0774118155241013,0.036279708147049,-0.893789529800415,-0.0665687142121916,0,-0.930346505131409,0
6.79999542236328,-3.06156921386719,1.52367079257965,2.31544589996338,-3.1317599930379,1.67500019073486,2.25985724976215,1463.842,2531.335,2064.673,1084.084,0.008648101,-0.01436882,-0.01805357,-0.0731432512402534,0.0362928211688995,-0.903538048267365,-0.0619602465444532,0,-0.939587540944523,0
6.81999969482422,-3.06294250488281,1.52439665794373,2.29718279838562,-3.13295164857986,1.67500019073486,2.24097082165911,1462.956,2534.08,2063.991,1083.048,0.009003052,-0.01432195,-0.01985973,-0.0686795264482498,0.0363057889044285,-0.913150548934937,-0.0571457060490821,0,-0.948615469389775,0
6.83999633789063,-3.06422305107117,1.52512288093567,2.27873229980469,-3.134044542079,1.67500019073486,2.22191329954596,1461.368,2533.371,2061.897,1088.143,0.009374741,-0.0142788,-0.02170476,-0.0640199035406113,0.036315742880106,-0.922528207302094,-0.0521276941276985,0,-0.957419653025087,0
6.86000061035156,-3.06540608406067,1.52584969997406,2.26009798049927,-3.13503538932583,1.67500019073486,2.20267458596902,1460.59,2534.902,2060.504,1089.794,0.009748625,-0.01423939,-0.02357909,-0.0591627731919289,0.0363244339823723,-0.931718051433563,-0.0469013857340415,0,-0.966003165764818,0
6.87999725341797,-3.06648826599121,1.52657604217529,2.24128413200378,-3.13591929930431,1.67500019073486,2.18327386999235,1459.49,2535.715,2058.958,1092.976,0.01012942,-0.01420424,-0.02548379,-0.0541068017482758,0.0363313145935535,-0.940697014331818,-0.04146984747441,0,-0.97435592661895,0
6.90000152587891,-3.06746554374695,1.52730286121368,2.22229504585266,-3.13669279152088,1.67500019073486,2.16370093370483,1458.708,2536.687,2057.266,1096.303,0.01051886,-0.01417228,-0.02742257,-0.048850741237402,0.0363367982208729,-0.949459314346313,-0.0358280899487011,0,-0.982480882608603,0
6.91999816894531,-3.0683331489563,1.52802968025208,2.20313453674316,-3.13735110697844,1.67500019073486,2.14397535810917,1457.688,2538.376,2056.219,1098.734,0.01090992,-0.01414352,-0.02938745,-0.0433934181928635,0.0363412015140057,-0.958023071289063,-0.029979647775851,0,-0.990368519982275,0
6.93999481201172,-3.06908774375916,1.52875638008118,2.18380761146545,-3.13789037977275,1.67500019073486,2.12409442441393,1457.391,2539.117,2054.165,1102.977,0.01131161,-0.01411955,-0.03138961,-0.0377332344651222,0.0363443680107594,-0.966341614723206,-0.0239217159900273,0,-0.998018775282151,0
6.95999908447266,-3.06972527503967,1.52948331832886,2.16431832313538,-3.13830654919277,1.67500019073486,2.1040552397959,1456.524,2541.597,2053.427,1104.966,0.01170657,-0.01409824,-0.03341628,-0.0318693928420544,0.0363469086587429,-0.974468886852264,-0.0176512454731879,0,-1.00543133151134,0
6.97999572753906,-3.07024097442627,1.53021025657654,2.14467096328735,-3.13859508947342,1.67500019073486,2.08387793008177,1455.377,2542.666,2052.401,1109.343,0.01210958,-0.01408067,-0.03547277,-0.0258008036762476,0.0363469682633877,-0.982363224029541,-0.0111724770740558,0,-1.01259754449269,0
7,-3.070631980896,1.53093719482422,2.12487053871155,-3.13875200023651,1.67500019073486,2.06355200023651,1455.473,2544.606,2051.024,1112.416,0.01251462,-0.01406628,-0.03755909,-0.0195260550826788,0.0363453105092049,-0.990018129348755,-0.00448000025749179,0,-1.01951999974251,0
7.01999664306641,-3.07089257240295,1.5316641330719,2.1049211025238,-3.13877293481056,1.67500019073486,2.04309791006485,1454.127,2547.008,2050.792,1115.523,0.0129184,-0.0140551,-0.03966459,-0.0130455438047647,0.0363413766026497,-0.997469246387482,0.00242147111348945,0,-1.02619064438336,0
7.04000091552734,-3.07101964950562,1.53239071369171,2.08482813835144,-3.13865367296782,1.67500019073486,2.02250506429218,1454.481,2548.179,2049.027,1120.335,0.01333307,-0.01404817,-0.04180524,-0.00635709566995502,0.0363347455859184,-1.00464498996735,0.00953751893026156,0,-1.03261190335227,0
7.05999755859375,-3.07100868225098,1.53311729431152,2.06459546089172,-3.13839006607677,1.67500019073486,2.00179423287729,1453.368,2551.798,2049.313,1122.162,0.01373752,-0.01404391,-0.04395813,0.00053796824067831,0.0363262481987476,-1.01163339614868,0.0168629551220017,0,-1.03877632353476,0
7.08000183105469,-3.07085609436035,1.53384351730347,2.04422903060913,-3.13797766718489,1.67500019073486,1.98095472689417,1453.6,2552.411,2047.5,1128.505,0.01415977,-0.01404338,-0.04614779,0.00764211965724826,0.036314133554697,-1.01832616329193,0.0244035338991922,0,-1.04468616115722,0
7.09999847412109,-3.07055711746216,1.53456950187683,2.02373242378235,-3.13741254468561,1.67500019073486,1.96000760230635,1452.762,2556.779,2048.088,1129.731,0.01456942,-0.01404551,-0.04834649,0.0149533916264772,0.0363004058599472,-1.02483475208282,0.0321535922509689,0,-1.05033457066756,0
7.1199951171875,-3.07010769844055,1.53529524803162,2.00311183929443,-3.13669032406947,1.67500019073486,1.93895013796103,1453.26,2557.395,2046.281,1136.57,0.01499786,-0.0140519,-0.05058248,0.0224748943001032,0.036282904446125,-1.03103470802307,0.0401159787740933,0,-1.05572162691991,0
7.13999938964844,-3.06950354576111,1.53602051734924,1.98237109184265,-3.13580639154272,1.67500019073486,1.91777948780515,1453.131,2562.141,2046.628,1137.796,0.01540876,-0.01406096,-0.0528286,0.0302045047283173,0.0362641550600529,-1.03703725337982,0.0482937905499756,0,-1.06084711464257,0
7.15999603271484,-3.0687403678894,1.53674530982971,1.96151566505432,-3.13475717664746,1.67500019073486,1.89651709086079,1452.261,2563.632,2046.239,1144.27,0.01583233,-0.01407268,-0.05509974,0.0381434261798859,0.0362406149506569,-1.04276883602142,0.0566806518391018,0,-1.06570511273967,0
7.18000030517578,-3.06781482696533,1.53746962547302,1.94055080413818,-3.13353763541696,1.67500019073486,1.87515205488554,1453.354,2567.222,2045.734,1147.189,0.01625175,-0.01408812,-0.05739059,0.0462921522557735,0.0362143069505692,-1.04824125766754,0.0652827488187021,0,-1.07029742446068,0
7.19999694824219,-3.06672191619873,1.53819298744202,1.91948115825653,-3.13214446192618,1.67500019073486,1.85370604328666,1452.291,2570.475,2046.203,1151.844,0.01667231,-0.0141057,-0.05969422,0.0546488836407661,0.0361840277910233,-1.05348086357117,0.0740932309966775,0,-1.07461875286606,0
7.22000122070313,-3.06545758247375,1.53891611099243,1.89831268787384,-3.13057236131148,1.67500019073486,1.83216809551083,1453.553,2573.037,2045.353,1156.794,0.01709932,-0.01412754,-0.06202342,0.0632160156965256,0.0361499078571796,-1.05842673778534,0.0831184566069241,0,-1.0786707092629,0
7.23999786376953,-3.06401777267456,1.53963851928711,1.87704968452454,-3.12881831115512,1.67500019073486,1.81056007427193,1452.952,2577.495,2046.146,1160.125,0.0175191,-0.01415151,-0.06435955,0.0719902813434601,0.0361126884818077,-1.06315267086029,0.0923511012869647,0,-1.0824486263442,0
7.26000213623047,-3.06239795684814,1.54035997390747,1.85569822788239,-3.12687675883483,1.67500019073486,1.78887095848865,1454.172,2579.667,2045.272,1166.278,0.01794821,-0.01417973,-0.0667223,0.080974742770195,0.0360711105167866,-1.0675722360611,0.101797694214514,0,-1.08595391833034,0
7.27999877929688,-3.06059455871582,1.54108059406281,1.83426260948181,-3.12474498437008,1.67500019073486,1.7671227848972,1453.643,2584.856,2046.479,1169.091,0.01836559,-0.01420956,-0.06908826,0.0901651978492737,0.0360265299677849,-1.07177889347076,0.111450438500203,0,-1.0891825523593,0
7.29999542236328,-3.05860376358032,1.54180002212524,1.81274926662445,-3.12241809612543,1.67500019073486,1.74531281219412,1454.999,2586.911,2045.738,1175.841,0.018794,-0.01424365,-0.07148031,0.0995654836297035,0.0359766967594624,-1.07566821575165,0.121312230282361,0,-1.09213466767197,0
7.31999969482422,-3.05642008781433,1.54251861572266,1.79116261005402,-3.11989091876436,1.67500019073486,1.72343822868326,1455.073,2592.476,2046.895,1178.543,0.01920734,-0.01427934,-0.07387555,0.10917105525732,0.0359236635267735,-1.07933449745178,0.131386209176729,0,-1.09481009023667,0
7.33999633789063,-3.05404043197632,1.54323601722717,1.76950836181641,-3.11716122128051,1.67500019073486,1.7015212843296,1455.015,2595.203,2047.371,1185.361,0.0196324,-0.01431715,-0.07628625,0.118983469903469,0.0358641855418682,-1.0827134847641,0.141663873076377,0,-1.09720574636885,0
7.36000061035156,-3.05146026611328,1.54395174980164,1.74779212474823,-3.11422277705975,1.67500019073486,1.6795508419838,1456.967,2599.831,2047.577,1188.911,0.02005171,-0.01435923,-0.07870813,0.129002436995506,0.0358007661998272,-1.08581292629242,0.152152170606974,0,-1.09932253944175,0
7.37999725341797,-3.04867601394653,1.54466640949249,1.72601878643036,-3.11107370454009,1.67500019073486,1.6575492616987,1456.313,2604.278,2048.856,1194.354,0.02047127,-0.01440237,-0.08113374,0.139224380254745,0.0357323288917542,-1.0886664390564,0.162842132511266,0,-1.10115803934246,0
7.40000152587891,-3.04568290710449,1.54537951946259,1.70419466495514,-3.10770749587773,1.67500019073486,1.63550537437829,1458.536,2607.708,2048.688,1199.98,0.02089592,-0.01445031,-0.08357692,0.149652361869812,0.0356590747833252,-1.09120845794678,0.173740870831464,0,-1.10271293958005,0
7.41999816894531,-3.04247689247131,1.54609131813049,1.68232429027557,-3.10412263758388,1.67500019073486,1.61344162436783,1458.197,2613.39,2050.332,1204.12,0.02131329,-0.01449931,-0.0860185,0.160280600190163,0.0355820953845978,-1.09352123737335,0.184838952117923,0,-1.10398545610245,0
7.43999481201172,-3.03905487060547,1.54680109024048,1.6604140996933,-3.10031383055119,1.67500019073486,1.59135524936189,1460.683,2616.529,2050.139,1210.498,0.02173516,-0.01455258,-0.08847979,0.171113729476929,0.0355000719428062,-1.09551095962524,0.19613929873609,0,-1.10497574647981,0
7.45999908447266,-3.0354118347168,1.54750978946686,1.63846874237061,-3.09627545854329,1.67500019073486,1.56924346122497,1460.827,2622.792,2051.873,1214.235,0.02214094,-0.01460744,-0.0909379,0.182145074009895,0.0354142747819424,-1.09727025032043,0.20764506617734,0,-1.10568364629855,0
7.47999572753906,-3.03154444694519,1.54821610450745,1.61649394035339,-3.09200659478751,1.67500019073486,1.54712878218989,1461.046,2626.2,2053.05,1221.752,0.02256016,-0.01466336,-0.09340558,0.193376421928406,0.0353211052715778,-1.0987377166748,0.219346131302189,0,-1.1061083437512,0
7.5,-3.02744841575623,1.54892039299011,1.59449565410614,-3.08750000037253,1.67500019073486,1.52500000037253,1463.926,2631.74,2053.863,1225.204,0.02296997,-0.01472302,-0.09587806,0.20480751991272,0.0352237410843372,-1.09991669654846,0.231249999720604,0,-1.1062499997206,0
7.51999664306641,-3.02311968803406,1.54962313175201,1.57247877120972,-3.08275516257082,1.67500019073486,1.50287965749253,1463.414,2636.846,2055.721,1231.576,0.02338144,-0.01478427,-0.09834841,0.21643340587616,0.0351207181811333,-1.10084319114685,0.243346093513227,0,-1.10610845177899,0
7.54000091552734,-3.01855421066284,1.55032324790955,1.55044972896576,-3.0777645392197,1.67500019073486,1.48075653952009,1466.686,2641.137,2056.1,1237.019,0.02379227,-0.01484979,-0.1008299,0.228257849812508,0.0350127220153809,-1.10145282745361,0.255642068528896,0,-1.10568364629855,0
7.55999755859375,-3.01374888420105,1.55102109909058,1.52841305732727,-3.07252804973848,1.67500019073486,1.45865318168032,1466.165,2647.571,2058.44,1242.14,0.02419637,-0.0149153,-0.1033024,0.240272581577301,0.0349001660943031,-1.10183238983154,0.268126896640755,0,-1.10497607039722,0
7.58000183105469,-3.00869917869568,1.55171704292297,1.50637531280518,-3.06703784279792,1.67500019073486,1.43655837637723,1469.353,2651.363,2058.975,1248.664,0.02460392,-0.01498561,-0.1057877,0.252483308315277,0.0347816646099091,-1.10188603401184,0.280808379133497,0,-1.10398545610245,0
7.59999847412109,-3.00340127944946,1.55241000652313,1.48434114456177,-3.06129428787375,1.67500019073486,1.41449462636677,1469.174,2658.19,2061.429,1253.54,0.02500469,-0.01505591,-0.1082628,0.264881163835526,0.0346587710082531,-1.10170841217041,0.293675042706419,0,-1.10271293958005,0
7.6199951171875,-2.99785184860229,1.55310046672821,1.46231698989868,-3.05529155893828,1.67500019073486,1.39245914021795,1472.684,2662.342,2062.169,1259.762,0.02540447,-0.01513048,-0.110747,0.277471899986267,0.0345299728214741,-1.10120725631714,0.306729812328089,0,-1.10115868603666,0
7.63999938964844,-2.99204683303833,1.55378866195679,1.44030773639679,-3.04902347267696,1.67500019073486,1.37044915876126,1473.3,2669.331,2064.495,1264.498,0.02578856,-0.01520558,-0.1132206,0.290247023105621,0.0343965664505959,-1.1004650592804,0.319975824481964,0,-1.09932253944175,0
7.65999603271484,-2.98598289489746,1.55447363853455,1.4183189868927,-3.04249110671858,1.67500019073486,1.34848708743426,1473.654,2673.788,2066.607,1272.612,0.02618756,-0.01528228,-0.1156941,0.303207159042358,0.0342548601329327,-1.09943783283234,0.333400948595088,0,-1.09720660708585,0
7.68000030517578,-2.97965574264526,1.55515599250793,1.39635670185089,-3.03568581233658,1.67500019073486,1.3265617720618,1477.835,2679.931,2067.956,1276.333,0.02657663,-0.01536218,-0.1181655,0.316353052854538,0.034108579158783,-1.09811198711395,0.347013325489226,0,-1.09481009023667,0
7.69999694824219,-2.97306203842163,1.55583500862122,1.37442600727081,-3.02860916102682,1.67500019073486,1.3046955208813,1477.567,2686.04,2070.452,1283.442,0.02696807,-0.01544367,-0.1206274,0.329677253961563,0.0339569076895714,-1.09653723239899,0.360800394019205,0,-1.09213574108422,0
7.72000122070313,-2.96619868278503,1.55651104450226,1.35253298282623,-3.02125217590033,1.67500019073486,1.28287721584785,1481.795,2691.24,2071.639,1288.792,0.02735356,-0.01552889,-0.1230924,0.34318408370018,0.0338003225624561,-1.09465146064758,0.37477042000014,0,-1.0891825523593,0
7.73999786376953,-2.95906114578247,1.55718374252319,1.33068239688873,-3.01361693941189,1.67500019073486,1.2611290422564,1481.269,2698.18,2074.548,1295.406,0.02773846,-0.01561358,-0.1255435,0.356863766908646,0.0336389653384686,-1.09253227710724,0.38891041836274,0,-1.08595391833034,0
7.76000213623047,-2.95164704322815,1.5578533411026,1.30888056755066,-3.00569414164629,1.67500019073486,1.23943992647313,1486.06,2703.145,2075.784,1300.926,0.02811665,-0.01570253,-0.127999,0.370722889900208,0.0334723107516766,-1.0900946855545,0.403228773036737,0,-1.0824486263442,0
7.77999114990234,-2.94395208358765,1.55851924419403,1.28713190555573,-2.99748957970301,1.67500019073486,1.21784013484434,1485.332,2710.574,2078.986,1307.445,0.02849176,-0.01579095,-0.1304374,0.384749799966812,0.0333006829023361,-1.08743143081665,0.417706524098046,0,-1.07867220271571,0
7.79999542236328,-2.93597269058228,1.55918180942535,1.26544308662415,-2.98898734414501,1.67500019073486,1.19630215615493,1491.618,2715.635,2080.069,1312.127,0.02884665,-0.01588469,-0.132879,0.398953258991241,0.0331232994794846,-1.08443892002106,0.432363218771983,0,-1.07462035001056,0
7.81999969482422,-2.92770671844482,1.55984044075012,1.24381804466248,-2.98019025403554,1.67500019073486,1.17484794585952,1488.1,2723.674,2084.317,1320.193,0.02920426,-0.01597471,-0.1352928,0.41331559419632,0.0329381041228771,-1.0812520980835,0.447185236607759,0,-1.07029742446068,0
7.84000396728516,-2.91914939880371,1.56049525737762,1.22226333618164,-2.97109502917551,1.67500019073486,1.15348290988427,1492.636,2727.65,2086.157,1327.338,0.02958396,-0.01606898,-0.1377078,0.42784857749939,0.0327436290681362,-1.07773315906525,0.462169868525575,0,-1.06570511273967,0
7.85999298095703,-2.9102988243103,1.56114614009857,1.20078420639038,-2.96170572746563,1.67500019073486,1.13222860656834,1496.008,2735.687,2088.531,1330.966,0.02995269,-0.01616592,-0.1401073,0.442543119192123,0.0325473807752132,-1.07395923137665,0.477302717781648,0,-1.0608490188836,0
7.87999725341797,-2.90115070343018,1.56179308891296,1.17938637733459,-2.95200484729948,1.67500019073486,1.11105791730849,1501.213,2741.529,2089.878,1336.445,0.03029306,-0.01626819,-0.1425052,0.457401067018509,0.0323485918343067,-1.06989026069641,0.492604029457967,0,-1.05572363211403,0
7.90000152587891,-2.89170265197754,1.56243586540222,1.15807390213013,-2.94199632988621,1.67500019073486,1.08999239843871,1497.384,2749.237,2094.127,1346.038,0.03064178,-0.01636619,-0.1448781,0.472407132387161,0.0321425683796406,-1.06562626361847,0.508059376430478,0,-1.05033457066756,0
7.92000579833984,-2.88195085525513,1.56307458877563,1.13685297966003,-2.93167712385781,1.67500019073486,1.06903730353642,1502.649,2753.933,2096.328,1352.189,0.03100497,-0.01646686,-0.1472499,0.487572938203812,0.0319283977150917,-1.0610454082489,0.523665747133892,0,-1.04468395650178,0
7.93999481201172,-2.87189364433289,1.56370878219604,1.11572861671448,-2.92105246965165,1.67500019073486,1.04821369311095,1505.959,2762.031,2099.062,1356.287,0.03135482,-0.01657019,-0.1496047,0.502889513969421,0.0317121930420399,-1.05621612071991,0.539407981771929,0,-1.03877862661607,0
7.95999908447266,-2.86152625083923,1.56433880329132,1.09470653533936,-2.91010322040457,1.67500019073486,1.02749493645287,1511.444,2768.348,2100.945,1361.26,0.0316698,-0.01667778,-0.151953,0.518358409404755,0.0314925089478493,-1.0511029958725,0.555306953492688,0,-1.03261190335227,0
7.98000335693359,-2.85084700584412,1.56496429443359,1.07379066944122,-2.89883450265423,1.67500019073486,1.00690209068021,1507.282,2776.207,2105.501,1371.512,0.03199533,-0.01678111,-0.1542711,0.533963918685913,0.0312636718153954,-1.04579627513885,0.571347462932763,0,-1.02619064438336,0
7.99999237060547,-2.83985257148743,1.56558454036713,1.05298697948456,-2.88725248290678,1.67500019073486,0.986455778838749,1512.833,2781.193,2108.078,1377.443,0.0323355,-0.0168871,-0.1565821,0.549717247486115,0.0310253389179707,-1.04018235206604,0.587513803463251,0,-1.01952259249781,0
8.01999664306641,-2.82854032516479,1.56620025634766,1.03230082988739,-2.87533674911333,1.67500019073486,0.966129796179706,1519.624,2789.698,2110.422,1378.913,0.03262997,-0.01699843,-0.1588741,0.565611720085144,0.0307845827192068,-1.03430664539337,0.603827269016646,0,-1.01260023181117,0
8.04000091552734,-2.81690740585327,1.56681096553802,1.01173627376556,-2.86309335647649,1.67500019073486,0.945944760949154,1514.839,2796.487,2114.765,1391.6,0.03294993,-0.01710655,-0.1611372,0.581633329391479,0.0305336937308311,-1.02822744846344,0.620272105901726,0,-1.00543133151134,0
8.06000518798828,-2.80495190620422,1.56741666793823,0.991299271583557,-2.85051971229884,1.67500019073486,0.925905576331131,1521.327,2802.014,2117.259,1396.563,0.03328466,-0.0172184,-0.1633913,0.597792029380798,0.0302758105099201,-1.02185189723969,0.636844773218016,0,-0.998018775282151,0
8.07999420166016,-2.79267024993896,1.56801676750183,0.970994532108307,-2.83762326762932,1.67500019073486,0.906032198559369,1524.896,2809.943,2120.059,1401.64,0.03361347,-0.01733238,-0.1656289,0.614078640937805,0.0300174411386251,-1.01523816585541,0.653528872035833,0,-0.990371484280788,0
8.09999847412109,-2.78006029129028,1.56861186027527,0.950827300548553,-2.82438188676193,1.67500019073486,0.88629906704023,1531.906,2816.867,2122.145,1405.303,0.03389679,-0.01745116,-0.167858,0.630494236946106,0.0297586545348167,-1.00836169719696,0.670346184465093,0,-0.982480882608602,0
8.12000274658203,-2.76711988449097,1.56920194625854,0.930801093578339,-2.81080291363307,1.67500019073486,0.866726130752705,1526.576,2825.015,2126.946,1417.191,0.03419546,-0.01756408,-0.1700546,0.647021770477295,0.0294915363192558,-1.00131034851074,0.687280253712191,0,-0.974355926618951,0
8.13999176025391,-2.75384616851807,1.56978631019592,0.910921633243561,-2.79689479800474,1.67500019073486,0.847332784807626,1533.179,2830.301,2129.925,1422.316,0.03450361,-0.01767966,-0.1722421,0.663673758506775,0.0292159281671047,-0.993973851203918,0.704314191312764,0,-0.966006396216864,0
8.15999603271484,-2.74023747444153,1.57036471366882,0.891193687915802,-2.78263408781479,1.67500019073486,0.828094005744011,1540.612,2839.087,2132.752,1423.255,0.03475627,-0.01779897,-0.1744067,0.680442750453949,0.0289381090551615,-0.98639702796936,0.721470086776218,0,-0.957422969617248,0
8.18000030517578,-2.72629117965698,1.57093787193298,0.871620953083038,-2.76802912944295,1.67500019073486,0.809029179085953,1534.669,2846.431,2137.61,1436.873,0.03503678,-0.01791455,-0.1765345,0.697313666343689,0.0286483634263277,-0.978636801242828,0.738730985068093,0,-0.948615469389773,0
8.20000457763672,-2.71200513839722,1.5715047121048,0.852208971977234,-2.75307786296901,1.67500019073486,0.790142750982912,1541.983,2851.906,2140.526,1441.435,0.03533188,-0.01803386,-0.178648,0.71429717540741,0.0283502265810966,-0.970598042011261,0.75609281595273,0,-0.939587540944522,0
8.21999359130859,-2.6973774433136,1.57206571102142,0.832962155342102,-2.73779011400762,1.67500019073486,0.771453289532992,1545.831,2860.14,2143.679,1446.299,0.03561996,-0.0181553,-0.1807386,0.731382608413696,0.0280509330332279,-0.962340474128723,0.773538080717493,0,-0.930350071698538,0
8.23999786376953,-2.68240594863892,1.57262074947357,0.81388533115387,-2.72214064960558,1.67500019073486,0.752936554453899,1553.341,2867.036,2146.098,1449.789,0.03586086,-0.01828154,-0.1828159,0.748570203781128,0.0277505032718182,-0.953841805458069,0.791089194558946,0,-0.920892819242251,0
8.26000213623047,-2.66708922386169,1.57316982746124,0.79498165845871,-2.70613919781153,1.67500019073486,0.734611100407777,1547.356,2875.476,2150.988,1462.538,0.03612473,-0.01840244,-0.1848548,0.765842080116272,0.027441218495369,-0.945184946060181,0.808728579778003,0,-0.911226724777761,0
8.27999114990234,-2.65142488479614,1.57371234893799,0.776256263256073,-2.68979664698253,1.67500019073486,0.716494818149954,1554.781,2880.797,2154.172,1467.108,0.03639891,-0.01852548,-0.1868809,0.783210337162018,0.0271243192255497,-0.936269283294678,0.826438313900338,0,-0.901363475232933,0
8.29999542236328,-2.63541173934937,1.5742484331131,0.757713556289673,-2.67308641369915,1.67500019073486,0.698564101067826,1562.994,2889.492,2157.177,1467.612,0.03661405,-0.01865278,-0.1888826,0.800666987895966,0.0268063731491566,-0.927137196063995,0.844240989187012,0,-0.891292199043191,0
8.31999969482422,-2.61904788017273,1.57477796077728,0.739356696605682,-2.65601929378632,1.67500019073486,0.68083682298121,1556.412,2897.083,2162.049,1481.988,0.03686137,-0.01877529,-0.1908448,0.818196594715118,0.0264770518988371,-0.91784280538559,0.862118594260082,0,-0.881024646132552,0
8.34000396728516,-2.60233163833618,1.57530057430267,0.721190631389618,-2.63859383420764,1.67500019073486,0.663316866363761,1564.308,2902.731,2165.28,1485.775,0.03711964,-0.01890045,-0.1927894,0.835809111595154,0.0261404290795326,-0.908302903175354,0.88006652954871,0,-0.870565223637326,0
8.35999298095703,-2.58526158332825,1.57581698894501,0.703219294548035,-2.62082237820436,1.67500019073486,0.646021145815646,1568.396,2910.753,2168.616,1490.689,0.03736996,-0.01902829,-0.1947096,0.853494346141815,0.0258030015975237,-0.898567140102386,0.89806635568359,0,-0.859926638878592,0
8.37999725341797,-2.56783652305603,1.57632637023926,0.685446858406067,-2.60267652856266,1.67500019073486,0.628926955135338,1576.473,2917.836,2171.39,1493.213,0.03756442,-0.01915985,-0.1966127,0.871251285076141,0.0254647992551327,-0.888622164726257,0.916140805521104,0,-0.849097271581242,0
8.40000152587891,-2.55005550384521,1.57682836055756,0.667876005172729,-2.58416854365924,1.67500019073486,0.612051186418751,1569.366,2926.448,2176.442,1506.865,0.03778626,-0.01928555,-0.1984715,0.889061987400055,0.0251161754131317,-0.878542065620422,0.934271336757229,0,-0.838089905506577,0
8.41999053955078,-2.53191661834717,1.57732343673706,0.650511264801025,-2.56531188370566,1.67500019073486,0.595409969850224,1577.28,2931.78,2179.967,1510.624,0.03801715,-0.01941285,-0.2003102,0.906937301158905,0.0247592329978943,-0.868235886096954,0.952439160509017,0,-0.82691797605363,0
8.43999481201172,-2.51341915130615,1.57781159877777,0.633356511592865,-2.54607678634513,1.67500019073486,0.578981311385256,1586.118,2940.019,2183.127,1510.762,0.0381877,-0.01954547,-0.2021217,0.924869239330292,0.0244006365537643,-0.857738196849823,0.970667039412239,0,-0.815569374915369,0
8.45999908447266,-2.49456262588501,1.57829236984253,0.616414487361908,-2.5264766334317,1.67500019073486,0.562781313792843,1578.821,2947.763,2187.897,1525.688,0.03839664,-0.01967277,-0.203889,0.942841768264771,0.0240302998572588,-0.847102105617523,0.988936070521083,0,-0.804057624884783,0
8.48000335693359,-2.47534537315369,1.57876539230347,0.599689364433289,-2.50651065291938,1.67500019073486,0.546813189229654,1587.187,2953.216,2191.202,1528.918,0.03861773,-0.01980327,-0.2056354,0.960863292217255,0.0236537884920835,-0.836255788803101,1.00724112492952,0,-0.792387894824434,0
8.49999237060547,-2.45576667785645,1.57923054695129,0.583184540271759,-2.486193825075,1.67500019073486,0.53109195591735,1591.618,2960.895,2194.505,1533.605,0.03883161,-0.01993589,-0.2073569,0.978924036026001,0.0232778042554855,-0.825242459774017,1.0255630015137,0,-0.780574537145656,0
8.51999664306641,-2.43582630157471,1.5796891450882,0.566903352737427,-2.46549456833891,1.67500019073486,0.515596611110358,1600.057,2968.083,2197.516,1535.041,0.03898232,-0.02007118,-0.2090576,0.997021317481995,0.0229023117572069,-0.814059376716614,1.04392439581131,0,-0.768604899269032,0
8.54000091552734,-2.41552376747131,1.58013916015625,0.550848066806793,-2.44442779436538,1.67500019073486,0.500342138001445,1592.233,2976.267,2202.37,1549.635,0.03916634,-0.02020061,-0.2107141,1.01513910293579,0.0225160233676434,-0.80276358127594,1.06230597698979,0,-0.756493436767602,0
8.56000518798828,-2.39485788345337,1.58058166503906,0.535022377967834,-2.42299315352998,1.67500019073486,0.48533131781705,1600.521,2981.79,2206.078,1552.111,0.03935432,-0.02033164,-0.2123439,1.0332852602005,0.0221225563436747,-0.791285157203674,1.08070231365762,0,-0.744245753787917,0
8.57999420166016,-2.37382912635803,1.58101630210876,0.519429266452789,-2.40120717656429,1.67500019073486,0.470577986073267,1604.693,2989.095,2209.636,1556.807,0.03953359,-0.02046373,-0.213945,1.05145108699799,0.0217266567051411,-0.779655873775482,1.09909385732801,0,-0.731877053375583,0
8.59999847412109,-2.35243654251099,1.5814425945282,0.504071712493896,-2.37903647317799,1.67500019073486,0.456062169679795,1612.929,2996.228,2212.886,1557.819,0.03964933,-0.02059955,-0.2155195,1.0696325302124,0.0213285237550735,-0.767877042293549,1.11750310760737,0,-0.71937427010703,0
8.62000274658203,-2.33068037033081,1.58186089992523,0.488951683044434,-2.35649751652364,1.67500019073486,0.441797660195726,1604.542,3004.399,2217.756,1572.501,0.03980385,-0.02073005,-0.2170402,1.08781313896179,0.0209171809256077,-0.756000936031342,1.13591036973161,0,-0.706752727285151,0
8.63999176025391,-2.30856037139893,1.58227097988129,0.474072575569153,-2.33360801686215,1.67500019073486,0.427797363049536,1613.346,3009.173,2221.215,1574.935,0.03996902,-0.02086267,-0.2185337,1.10600030422211,0.0204982422292233,-0.743957042694092,1.15429587950028,0,-0.694028219139886,0
8.65999603271484,-2.28607678413391,1.58267247676849,0.459437012672424,-2.31033324066816,1.67500019073486,0.41404209596431,1622.675,3016.639,2224.316,1574.205,0.04007243,-0.02100009,-0.2199973,1.12418508529663,0.0200787559151649,-0.731779038906097,1.17268190060221,0,-0.681187463264525,0
8.68000030517578,-2.26322984695435,1.58306550979614,0.445046782493591,-2.28669084978817,1.67500019073486,0.400544712789366,1614.174,3024.172,2228.685,1589.653,0.04022355,-0.02113272,-0.221412,1.14235198497772,0.0196486078202724,-0.719512164592743,1.1910485095285,0,-0.66824638783849,0
8.70000457763672,-2.24001979827881,1.58344995975494,0.430904805660248,-2.26268129204256,1.67500019073486,0.387307156853442,1623.536,3028.875,2231.824,1591.351,0.04038409,-0.02126747,-0.2228032,1.16050708293915,0.0192154496908188,-0.707099854946136,1.20938974555244,0,-0.655211358734572,0
8.71999359130859,-2.21644687652588,1.58382558822632,0.417013168334961,-2.23832386835056,1.67500019073486,0.374341040626915,1627.801,3035.784,2234.939,1595.6,0.04053695,-0.02140329,-0.22417,1.17864096164703,0.0187852457165718,-0.694580078125,1.22768561952331,0,-0.642098891881078,0
8.73999786376953,-2.19251155853271,1.58419263362885,0.403374016284943,-2.21358208064739,1.67500019073486,0.36162825177724,1636.705,3042.522,2238.029,1595.194,0.04061533,-0.02154125,-0.2255133,1.19674956798553,0.0183571930974722,-0.68195915222168,1.24595795598811,0,-0.628895547575282,0
8.76000213623047,-2.16821551322937,1.58455109596252,0.389988422393799,-2.18847519490406,1.67500019073486,0.349180339711493,1627.186,3050.504,2242.712,1610.033,0.04072887,-0.02167227,-0.2268039,1.21481776237488,0.017917200922966,-0.669282078742981,1.26418658830432,0,-0.615617995114222,0
8.77999114990234,-2.14355850219727,1.58490061759949,0.376858592033386,-2.16302371514494,1.67500019073486,0.337007911100232,1635.761,3054.999,2246.348,1611.353,0.04084521,-0.02180383,-0.228063,1.23285150527954,0.0174696929752827,-0.656488418579102,1.28235140764868,0,-0.602283238816865,0
8.79999542236328,-2.1185417175293,1.58524084091187,0.363986551761627,-2.13718984626173,1.67500019073486,0.325093660817304,1645.032,3061.86,2249.662,1609.556,0.04089157,-0.02193912,-0.2292864,1.25084209442139,0.0170193556696177,-0.643604338169098,1.30047381177932,0,-0.588877825842057,0
8.81999969482422,-2.09316611289978,1.58557200431824,0.351373195648193,-2.11099406840429,1.67500019073486,0.313448122808928,1635.162,3069.109,2253.947,1625.161,0.04098938,-0.02207015,-0.2304513,1.26877427101135,0.0165547244250774,-0.630667567253113,1.31853350013905,0,-0.575418929312332,0
8.84000396728516,-2.06743335723877,1.58589339256287,0.339020609855652,-2.08443770094439,1.67500019073486,0.30207229586493,1644.62,3073.034,2256.96,1625.981,0.04109917,-0.02220437,-0.2315848,1.28665196895599,0.0160854458808899,-0.617628395557404,1.33652398266599,0,-0.561913676826711,0
8.85999298095703,-2.041344165802,1.58620595932007,0.326930224895477,-2.05754286082957,1.67500019073486,0.290975402634535,1648.517,3079.114,2259.749,1629.986,0.04120861,-0.02233966,-0.2326878,1.30446493625641,0.0156184593215585,-0.60452139377594,1.35442505930001,0,-0.548379649204537,0
8.87999725341797,-2.01489973068237,1.58650922775269,0.315103113651276,-2.03027006823479,1.67500019073486,0.280141210171768,1657.949,3084.855,2262.378,1628.611,0.04124634,-0.02247814,-0.233767,1.32220792770386,0.0151552688330412,-0.591356158256531,1.37225742284536,0,-0.534803524380973,0
8.90000152587891,-1.98810243606567,1.58680272102356,0.303539574146271,-2.00264143235794,1.67500019073486,0.269578854036034,1647.748,3092.281,2266.388,1643.385,0.04132546,-0.02260971,-0.2347923,1.33986616134644,0.0146825928241014,-0.578176558017731,1.39000066170988,0,-0.52120307372183,0
8.91999053955078,-1.96095383167267,1.58708691596985,0.292240858078003,-1.97468028278856,1.67500019073486,0.25929649060928,1656.641,3096.054,2269.614,1643.426,0.0414046,-0.0227418,-0.2357856,1.3574435710907,0.0142061226069927,-0.564934253692627,1.40763456067714,0,-0.50759625144762,0
8.93999481201172,-1.93345522880554,1.58736133575439,0.281207799911499,-1.94634591675793,1.67500019073486,0.249278680299404,1665.82,3101.957,2272.624,1640.799,0.0414097,-0.02287549,-0.2367449,1.37493181228638,0.0137290433049202,-0.551652550697327,1.42517917794105,0,-0.49396995059141,0
8.95999908447266,-1.90560865402222,1.58762633800507,0.270440518856049,-1.91766166925834,1.67500019073486,0.239533480454639,1655.091,3108.734,2276.514,1655.878,0.04146486,-0.02300492,-0.2376445,1.39231669902802,0.0132385948672891,-0.538365006446838,1.44261407130002,0,-0.480342333097653,0
8.98000335693359,-1.87741661071777,1.58788120746613,0.259939908981323,-1.88862980531953,1.67500019073486,0.2300608386847,1664.414,3111.877,2279.333,1655.449,0.04152652,-0.02313595,-0.238509,1.40960049629211,0.0127442507073283,-0.525029599666595,1.45993222135701,0,-0.466721288291618,0
8.99999237060547,-1.84888124465942,1.58812594413757,0.249706447124481,-1.85927527020823,1.67500019073486,0.220867457752935,1667.756,3117.083,2281.88,1658.692,0.04158503,-0.02326857,-0.2393394,1.42677354812622,0.0122514152899384,-0.511675477027893,1.47711346667291,0,-0.453125185434081,0
9.01999664306641,-1.82000458240509,1.58836126327515,0.239740073680878,-1.82955579505728,1.67500019073486,0.211938929876601,1676.625,3122.183,2284.387,1656.085,0.04156796,-0.02340279,-0.2401372,1.44382870197296,0.0117610739544034,-0.498317211866379,1.49417687207407,0,-0.439541368930979,0
9.04000091552734,-1.7907897233963,1.58858633041382,0.230040371417999,-1.79949634954572,1.67500019073486,0.203281841213204,1665.423,3128.492,2287.861,1670.902,0.04159972,-0.02353116,-0.2408755,1.46075236797333,0.0112594431266189,-0.484986156225204,1.51110202772341,0,-0.425988439833604,0
9.06000518798828,-1.76123881340027,1.58880150318146,0.220607459545135,-1.76909977236764,1.67500019073486,0.194895490800234,1674.342,3131.287,2290.57,1669.67,0.04163383,-0.02366059,-0.2415769,1.4775458574295,0.010754780843854,-0.471645325422287,1.52788161173838,0,-0.412474722751218,0
9.07999420166016,-1.73135471343994,1.5890064239502,0.211441159248352,-1.7383926166715,1.67500019073486,0.186785098525826,1677.573,3135.715,2292.966,1672.264,0.04166157,-0.02379002,-0.2422433,1.49420082569122,0.0102511318400502,-0.45831573009491,1.5444956043987,0,-0.399018902417796,0
9.09999847412109,-1.70114052295685,1.58920156955719,0.202540874481201,-1.70733113391229,1.67500019073486,0.178937244464314,1686.062,3140.399,2295.379,1668.779,0.0416093,-0.02392104,-0.2428723,1.51070916652679,0.00974883046001196,-0.445015072822571,1.5609619022029,0,-0.385608972418424,0
9.12000274658203,-1.67059946060181,1.58938610553741,0.193905472755432,-1.67594192241038,1.67500019073486,0.171357012347383,1673.936,3146.14,2298.612,1683.526,0.04160883,-0.02404675,-0.2434364,1.52705764770508,0.00923315435647964,-0.431769877672195,1.57726021469716,0,-0.372263874672008,0
9.13999176025391,-1.63973450660706,1.58956050872803,0.185534596443176,-1.64425273172409,1.67500019073486,0.164048495682619,1682.794,3148.194,2301.023,1681.524,0.04161258,-0.02417298,-0.2439589,1.54324626922607,0.00871373433619738,-0.418545752763748,1.59337068836963,0,-0.359002461973267,0
9.15999603271484,-1.60854911804199,1.58972442150116,0.177427291870117,-1.61221876890355,1.67500019073486,0.156998976806791,1691.838,3152.051,2303.062,1677.257,0.04154455,-0.02430188,-0.2444425,1.55926561355591,0.00819514133036137,-0.405364900827408,1.60931022428205,0,-0.345813350947605,0
9.18000030517578,-1.57704722881317,1.58987760543823,0.16958212852478,-1.5798678454404,1.67500019073486,0.150212397046839,1679.675,3157.185,2305.682,1691.756,0.04153622,-0.02442705,-0.2448617,1.57510197162628,0.00766566675156355,-0.392258495092392,1.62505868083291,0,-0.332715671490599,0
9.20000457763672,-1.54523193836212,1.59002041816711,0.161998152732849,-1.54720386214112,1.67500019073486,0.143686836679425,1688.895,3158.492,2307.449,1689.21,0.04153492,-0.02455275,-0.2452441,1.59075462818146,0.00713713560253382,-0.379198044538498,1.64060820680446,0,-0.319718509937749,0
9.21999359130859,-1.51310789585114,1.59015250205994,0.154673933982849,-1.51425614534304,1.67500019073486,0.137424875072147,1691.961,3161.599,2308.911,1690.667,0.04152749,-0.02467951,-0.2455941,1.60621500015259,0.00661439588293433,-0.366207838058472,1.65593925317646,0,-0.306840847541869,0
9.23999786376953,-1.48067855834961,1.59027445316315,0.147607803344727,-1.48097860839494,1.67500019073486,0.13141466589427,1700.078,3165.159,2310.6,1685.713,0.04143447,-0.02480521,-0.2459088,1.62147450447083,0.00609741359949112,-0.353311896324158,1.67106722875204,0,-0.294072321814046,0
9.26000213623047,-1.44794797897339,1.59038591384888,0.140797138214111,-1.44740066356709,1.67500019073486,0.125658613064267,1687.033,3169.773,2313.168,1699.409,0.04138849,-0.02492506,-0.2461581,1.63652098178864,0.00556923076510429,-0.340533494949341,1.68597227247097,0,-0.281432218826044,0
9.27999114990234,-1.41492068767548,1.59048676490784,0.13424026966095,-1.41355280159484,1.67500019073486,0.120158156142978,1695.394,3170.626,2315.075,1695.742,0.04133797,-0.02504437,-0.2463621,1.65135395526886,0.00503808818757534,-0.327841401100159,1.70063512783075,0,-0.268939541541105,0
9.29999542236328,-1.38160157203674,1.59057688713074,0.127935171127319,-1.37938804818337,1.67500019073486,0.114902043754428,1703.415,3173.362,2316.718,1690.04,0.04120791,-0.02516527,-0.2465198,1.66596341133118,0.00450625736266375,-0.315257459878922,1.71506995679004,0,-0.25658484146861,0
9.31999969482422,-1.34799492359161,1.59065580368042,0.121878981590271,-1.34493699927701,1.67500019073486,0.109891521075953,1689.738,3177.162,2318.783,1703.894,0.0411396,-0.02528192,-0.2466034,1.680335521698,0.00396054703742266,-0.302806586027145,1.72925717223927,0,-0.244387448049324,0
9.34000396728516,-1.31410551071167,1.59072422981262,0.116069793701172,-1.31020469190121,1.67500019073486,0.105123342982179,1698.457,3176.967,2319.878,1699.867,0.04107986,-0.02540017,-0.2466401,1.69446837902069,0.00341406464576721,-0.290461868047714,1.74318839362551,0,-0.232357209344983,0
9.35999298095703,-1.27993857860565,1.59078168869019,0.110504865646362,-1.27522313888846,1.67500019073486,0.100597430949508,1700.78,3178.382,2320.445,1700.392,0.04101967,-0.02551948,-0.246638,1.70835256576538,0.00287285121157765,-0.278245717287064,1.7568448430114,0,-0.220513053499726,0
9.37999725341797,-1.24549901485443,1.59082841873169,0.105181097984314,-1.23994430515139,1.67500019073486,0.0963032340945293,1708.629,3180.337,2321.142,1693.906,0.04087554,-0.02563985,-0.2465959,1.72197806835175,0.00233886600472033,-0.266186594963074,1.7702388435647,0,-0.208846957139373,0
9.40000152587891,-1.21079230308533,1.59086441993713,0.10009491443634,-1.20440033619707,1.67500019073486,0.0922404521984888,1694.628,3183.358,2322.669,1706.696,0.04078264,-0.0257533,-0.2464841,1.7353321313858,0.00179585139267147,-0.254309415817261,1.78335126117587,0,-0.197378204927313,0
9.41999053955078,-1.17582416534424,1.59088945388794,0.0952432155609131,-1.16862435896773,1.67500019073486,0.0884078748474746,1702.598,3182.51,2323.565,1701.529,0.04068575,-0.02586569,-0.2463254,1.74841368198395,0.0012528890511021,-0.242585644125938,1.79616374520967,0,-0.186125588172022,0
9.43999481201172,-1.14059996604919,1.59090352058411,0.0906224250793457,-1.13256764387706,1.67500019073486,0.0847953963638286,1710.078,3183.674,2324.28,1694.142,0.04050567,-0.02597914,-0.2461187,1.76121258735657,0.000712069333530962,-0.23103953897953,1.80868710363164,0,-0.175082312847177,0
9.45999908447266,-1.10512566566467,1.59090685844421,0.0862284898757935,-1.09626347250207,1.67500019073486,0.0814015625499316,1695.5,3185.87,2325.49,1706.54,0.04038344,-0.02608726,-0.2458348,1.77371513843536,0.000158970011398196,-0.219696283340454,1.82090260985628,0,-0.164267550181707,0
9.48000335693359,-1.06940722465515,1.5908989906311,0.0820579528808594,-1.05971809219381,1.67500019073486,0.078221696237172,1703.401,3184.019,2325.738,1700.913,0.04026526,-0.02619592,-0.2455003,1.7859194278717,-0.00039440329419449,-0.208528205752373,1.8328013539955,0,-0.1536919099636,0
9.49999237060547,-1.03345084190369,1.59088003635406,0.0781067609786987,-1.02296607214848,1.67500019073486,0.0752530945798089,1704.544,3184.004,2325.562,1699.756,0.04014181,-0.02630564,-0.2451179,1.79781520366669,-0.000942828657571226,-0.197561010718346,1.8443656493535,0,-0.1433738891429,0
9.51999664306641,-0.997263133525848,1.59085035324097,0.0743703842163086,-0.985957904992419,1.67500019073486,0.0724861226840297,1711.51,3184.123,2325.413,1691.696,0.03993126,-0.02641536,-0.2446864,1.8093923330307,-0.00148536846973002,-0.186818763613701,1.85560409597101,0,-0.13330855556468,0
9.54000091552734,-0.960850477218628,1.59080958366394,0.0708438158035278,-0.94872834571439,1.67500019073486,0.0699178022402407,1696.169,3185.308,2326.041,1703.323,0.03977445,-0.02651869,-0.2441757,1.82063686847687,-0.0020384076051414,-0.176328048110008,1.86649860402216,0,-0.12351481846486,0
9.56000518798828,-0.924219489097595,1.59075784683228,0.0675226449966431,-0.911284366572507,1.67500019073486,0.0675425898656261,1703.398,3182.554,2325.882,1696.514,0.039616,-0.02662149,-0.24361,1.83154726028442,-0.00259158806875348,-0.166058674454689,1.87703996113336,0,-0.114003722915426,0
9.57999420166016,-0.887377202510834,1.59069490432739,0.0644019842147827,-0.873661921484882,1.67500019073486,0.0653563191067601,1703.842,3181.409,2325.298,1694.388,0.03944875,-0.02672376,-0.2429905,1.84211373329163,-0.00314152892678976,-0.156032130122185,1.88721125555334,0,-0.104793338751934,0
9.59999847412109,-0.850330829620361,1.59062111377716,0.0614765882492065,-0.835810910723001,1.67500019073486,0.0633496664037612,1709.995,3180.544,2324.699,1685.307,0.03919269,-0.02682655,-0.2423141,1.8523256778717,-0.00368774682283401,-0.146271958947182,1.89701865831061,0,-0.0958808598751428,0
9.62000274658203,-0.813087344169617,1.590536236763,0.058740496635437,-0.797767507366659,1.67500019073486,0.0615181555168487,1693.939,3180.449,2324.82,1696.107,0.03899222,-0.02692296,-0.2415508,1.86216831207275,-0.00424624048173428,-0.136804759502411,1.90644482642125,0,-0.0872848020997417,0
9.63999176025391,-0.775654554367065,1.59044027328491,0.0561884641647339,-0.759568660638019,1.67500019073486,0.0598565477709165,1700.714,3176.4,2323.939,1688.382,0.03879334,-0.0270199,-0.2407263,1.8716402053833,-0.00480589875951409,-0.12759692966938,1.91547350436561,0,-0.0790228246383613,0
9.65999603271484,-0.738040030002594,1.59033286571503,0.0538150072097778,-0.721163959044025,1.67500019073486,0.0583556355258068,1707.07,3174.384,2322.64,1678.379,0.03851433,-0.02711844,-0.2398406,1.8807293176651,-0.0053618187084794,-0.118677742779255,1.92410889201401,0,-0.071093895575693,0
9.68000030517578,-0.700251579284668,1.5902144908905,0.0516133308410645,-0.682590597489247,1.67500019073486,0.0570098427819694,1691.026,3173.192,2321.97,1688.391,0.0382966,-0.02721111,-0.2388685,1.88941955566406,-0.00592698529362679,-0.110082313418388,1.93233428093306,0,-0.0635161462431491,0
9.70000457763672,-0.662297427654266,1.59008455276489,0.0495777130126953,-0.643856875011785,1.67500019073486,0.0558120265326316,1697.842,3168.038,2320.194,1679.905,0.03808223,-0.02730433,-0.2378389,1.89771008491516,-0.00648883171379566,-0.101777717471123,1.94013992941399,0,-0.056301383438953,0
9.71999359130859,-0.624185621738434,1.58994376659393,0.0477018356323242,-0.60500100297655,1.67500019073486,0.0547555612576076,1697.535,3164.949,2318.152,1675.672,0.03785657,-0.02739647,-0.2367518,1.90558934211731,-0.00704233720898628,-0.0937983617186546,1.94751056001454,0,-0.0494665941669474,0
9.73999786376953,-0.585924685001373,1.58979189395905,0.0459784269332886,-0.565972345657645,1.67500019073486,0.0538312192331958,1702.956,3161.838,2316.135,1664.625,0.03753536,-0.02748808,-0.2356056,1.91304802894592,-0.00758812157437205,-0.0861659944057465,1.95444753894182,0,-0.0430133604324361,0
9.76000213623047,-0.547523260116577,1.58962905406952,0.0444000959396362,-0.526809397518878,1.67500019073486,0.0530319984125391,1685.724,3159.732,2315.318,1673.069,0.03725825,-0.02757117,-0.2343662,1.92006957530975,-0.00814411137253046,-0.0789183601737022,1.96093510612251,0,-0.0369591773749747,0
9.77999114990234,-0.508990228176117,1.58945512771606,0.0429599285125732,-0.487551262495693,1.67500019073486,0.0523502716918713,1690.973,3153.568,2313.441,1663.437,0.03697482,-0.0276532,-0.2330554,1.92665481567383,-0.00870271492749453,-0.0720094069838524,1.96695879692346,0,-0.0313204314685223,0
9.79999542236328,-0.470334529876709,1.5892698764801,0.0416505336761475,-0.44814729069682,1.67500019073486,0.0517766527022392,1695.847,3149.622,2311.13,1651.195,0.03660348,-0.02773735,-0.2316684,1.93279099464417,-0.009260144084692,-0.0654703974723816,1.9725176944496,0,-0.0261008569735761,0
9.81999969482422,-0.431565284729004,1.58907306194305,0.0404636859893799,-0.408636898797431,1.67500019073486,0.0513031064935809,1678.438,3145.862,2309.561,1659.274,0.03629021,-0.02781459,-0.2301786,1.93845975399017,-0.00983024761080742,-0.0593398660421371,1.97759682854465,0,-0.0213173763820969,0
9.84000396728516,-0.392691910266876,1.58886528015137,0.0393922328948975,-0.369029786722207,1.67500019073486,0.0509207837940124,1683.735,3138.411,2306.549,1648.988,0.0359827,-0.02789395,-0.2286143,1.94366109371185,-0.0104006193578243,-0.0535746775567532,1.98218592816465,0,-0.0169825582185563,0
9.85999298095703,-0.353724420070648,1.58864605426788,0.0384279489517212,-0.329366168740659,1.67500019073486,0.0506207828686076,1682.53,3132.68,2303.022,1642.799,0.03566677,-0.02797278,-0.2269775,1.94838190078735,-0.0109639819711447,-0.048212543129921,1.98627172118751,0,-0.0131118553917187,0
9.87999725341797,-0.314672291278839,1.58841550350189,0.037562370300293,-0.289595597083645,1.67500019073486,0.0503932952699877,1686.651,3127.179,2299.368,1629.99,0.03525891,-0.02805267,-0.2252667,1.95261168479919,-0.0115190977230668,-0.0432783029973507,1.98985002980234,0,-0.00971213647185465,0
9.90000152587891,-0.275545597076416,1.58817398548126,0.0367859601974487,-0.249758640450342,1.67500019073486,0.0502289670097422,1668.828,3122.138,2297.176,1636.125,0.03489454,-0.02812298,-0.2234531,1.95633149147034,-0.0120823560282588,-0.0388202406466007,1.9929070450319,0,-0.00679942872629979,0
9.91999053955078,-0.23635470867157,1.58792090415955,0.0360903739929199,-0.209896280433245,1.67500019073486,0.0501179928480688,1673.036,3113.389,2293.687,1624.44,0.03452278,-0.02819222,-0.2215596,1.95954430103302,-0.0126465782523155,-0.0347812734544277,1.99543047261569,0,-0.0043883824312303,0
9.93999481201172,-0.197110056877136,1.5876567363739,0.0354663133621216,-0.169958397555511,1.67500019073486,0.0500500764901624,1676.663,3107.277,2289.865,1609.705,0.03405644,-0.02826253,-0.2195766,1.96223652362823,-0.0132074607536197,-0.0312020480632782,1.99741352274659,0,-0.00248842087492207,0
9.95999908447266,-0.15782231092453,1.58738112449646,0.0349037647247314,-0.129986360769765,1.67500019073486,0.0500149250976563,1658.347,3100.534,2287.192,1615.257,0.03363897,-0.02832485,-0.2174801,1.96438813209534,-0.0137803610414267,-0.0281288046389818,1.9988433402059,0,-0.00111479831706163,0
9.98000335693359,-0.118502199649811,1.5870943069458,0.0343936681747437,-0.0899913449938889,1.67500019073486,0.0500018764922423,1662.005,3090.663,2282.868,1602.754,0.03322114,-0.02838823,-0.2152937,1.96600162982941,-0.0143552236258984,-0.0255045704543591,1.99970912461449,0,-0.000280845008330033,0
9.99999237060547,-0.0791610479354858,1.58679556846619,0.0339261293411255,-0.0500152595341206,1.67500019073486,0.0500000007450545,1659.372,3082.56,2278.127,1593.857,0.03278652,-0.02845055,-0.2130151,1.96706211566925,-0.0149252116680145,-0.0233755577355623,1.99999999995739,0,-4.1207925960407E-11,0
10.0199966430664,-0.0413080416619778,1.58663165569305,0.0338528156280518,-0.0100279299083155,1.67500019073486,0.0500000007450581,1661.769,3074.396,2273.057,1579.073,0.02684234,-0.02726012,-0.2035081,1.88833940029144,-0.00894495937973261,-0.00241315644234419,1.99683577002612,0,0,0
10.0400009155273,-0.00472062453627586,1.5864235162735,0.0338777303695679,0.0298349735483408,1.67500019073486,0.0500000007450581,0,1727.372,2844.638,3970.512,0.04535012,-0.02546355,-0.1993925,1.82608389854431,-0.0109827201813459,0.00179954851046205,1.98763336737084,0,0,0
10.0599899291992,0.0310589112341404,1.58620500564575,0.034296989440918,0.0694269206589246,1.67500019073486,0.0500000007450581,3060.851,2571.942,2236.579,674.3897,0.05496646,-0.02573093,-0.1981829,1.7886928319931,-0.0111555438488722,0.0184901878237724,1.97284031194877,0,0,0
10.0799942016602,0.0662913918495178,1.58614301681519,0.0347340106964111,0.108700565871958,1.67500019073486,0.0500000007450581,3489.879,3058.517,1910.345,0,0.04419119,-0.02678767,-0.1971458,1.76162719726563,-0.00220160325989127,0.0197397544980049,1.95285642370977,0,0,0
10.0999984741211,0.101040124893188,1.58622896671295,0.035000205039978,0.147526057212629,1.67500019073486,0.0500000007450581,2771.034,2841.603,1927.279,880.884,0.02100339,-0.02739168,-0.1984423,1.73712313175201,0.00426719756796956,0.0132585931569338,1.92810206010486,0,0,0
10.120002746582,0.135215401649475,1.58630681037903,0.0348529815673828,0.185811981047154,1.67500019073486,0.0500000007450581,1353.284,3548.528,2514.493,987.9277,-0.009801498,-0.02642708,-0.1913508,1.70843005180359,0.00315706641413271,-0.00751752173528075,1.89897683923517,0,0,0
10.1399917602539,0.168623328208923,1.58620476722717,0.0342596769332886,0.223446331385316,1.67500019073486,0.0500000007450581,333.4173,3431.836,3081.421,1623.511,-0.03419019,-0.0253501,-0.1743918,1.67037773132324,-0.00528902281075716,-0.02975719794631,1.86589552480817,0,0,0
10.1599960327148,0.201142251491547,1.58581137657166,0.0334773063659668,0.260410723839436,1.67500019073486,0.0500000007450581,0,2971.267,3256.21,2350.67,-0.03924967,-0.02558818,-0.1521048,1.62594282627106,-0.0204894933849573,-0.0390332899987698,1.82918393448063,0,0,0
10.1800003051758,0.232754945755005,1.58500945568085,0.0327781438827515,0.296607707237537,1.67500019073486,0.0500000007450581,711.9822,2686.751,2946.425,2313.931,-0.0259051,-0.02725319,-0.1301631,1.58090877532959,-0.041210163384676,-0.035009827464819,1.78923088806962,0,0,1
10.2000045776367,0.263518571853638,1.58383250236511,0.0322926044464111,0.33197599365973,1.67500019073486,0.0500000007450581,1733.683,2684.33,2438.466,1840.731,-0.004428304,-0.029682,-0.1121233,1.53844952583313,-0.0599163025617599,-0.0246106944978237,1.74638989308371,0,0,1
10.2199935913086,0.293467938899994,1.58238196372986,0.0320987701416016,0.366435296007797,1.67500019073486,0.0500000007450581,2486.243,2704.593,1795.869,1717.093,0.01645584,-0.03223969,-0.1015138,1.49758005142212,-0.0725487917661667,-0.00991643127053976,1.7010384329029,0,0,1
10.2399978637695,0.322617530822754,1.58079826831818,0.0321104526519775,0.399990645766374,1.67500019073486,0.0500000007450581,2605.218,2911.972,1497.234,1655.407,0.02974473,-0.03389618,-0.0975681,1.45771384239197,-0.0792878121137619,0.00108047155663371,1.65343751085001,0,0,0
10.2600021362305,0.350997239351273,1.57911014556885,0.0322537422180176,0.432574279170829,1.67500019073486,0.0500000007450581,2450.176,3065.8,1612.644,1500.544,0.0322751,-0.03419659,-0.09779979,1.41930019855499,-0.0853552520275116,0.00870254449546337,1.60393974479786,0,0,0
10.2799911499023,0.378636181354523,1.57735967636108,0.0323655605316162,0.464127650132758,1.67500019073486,0.0500000007450581,1969.926,3344.281,2166.513,1102.555,0.02388647,-0.03312866,-0.0960501,1.38213562965393,-0.0874910727143288,0.00592441717162728,1.55289202964907,0,0,0
10.2999954223633,0.405593991279602,1.57554888725281,0.0325171947479248,0.494670130604822,1.67500019073486,0.0500000007450581,1794.603,3022.362,2453.371,1312.511,0.01263965,-0.03179601,-0.09423596,1.34807121753693,-0.0904810354113579,0.00751899974420667,1.50051211338605,0,0,0
10.3199996948242,0.43192058801651,1.57365775108337,0.0326312780380249,0.524154227850207,1.67500019073486,0.0500000007450581,1587.985,3278.65,2796.584,893.5663,-0.001764611,-0.03062582,-0.08772772,1.31650447845459,-0.0945142507553101,0.00552556896582246,1.44712274183951,0,0,0
10.3400039672852,0.457662642002106,1.57165765762329,0.0327867269515991,0.552562496415401,1.67500019073486,0.0500000007450581,1469.824,3090.21,2900.811,1094.334,-0.01388093,-0.03015604,-0.0779667,1.2872486114502,-0.0999560058116913,0.00753365037962794,1.39299673117969,0,0,0
10.359992980957,0.482707023620605,1.56928884983063,0.0329816341400146,0.579862410401551,1.67500019073486,0.0500000007450581,1485.974,3085.286,2888.611,1083.432,-0.0231924,-0.03074992,-0.06501948,1.25183415412903,-0.119871653616428,0.00928880088031292,1.33843713336017,0,0,0
10.379997253418,0.507034659385681,1.56638264656067,0.0329002141952515,0.606088659855646,1.67500019073486,0.0500000007450581,516.1522,3269.867,3593.709,1160.899,-0.02510402,-0.03152011,-0.04326305,1.21484553813934,-0.147073149681091,-0.00410563219338655,1.28361025342342,0,0,1
10.4000015258789,0.530511498451233,1.562873005867,0.0330666303634644,0.63121787448827,1.67500019073486,0.0500000007450581,1139.714,2651.443,3228.765,1625.528,-0.01175466,-0.03387861,-0.02179691,1.17322742938995,-0.176098465919495,0.00782632548362017,1.22879582648348,0,0,1
10.4199905395508,0.553142726421356,1.55892252922058,0.0334070920944214,0.65523467267286,1.67500019073486,0.0500000007450581,1367.093,2846.383,2962.263,1471.589,0.01106154,-0.03682619,-0.0001001349,1.13153827190399,-0.197544828057289,0.0164462681859732,1.17426204032746,0,0,0
10.4399948120117,0.574956297874451,1.55473136901855,0.0342988967895508,0.678182670863939,1.67500019073486,0.0500000007450581,2142.264,2592.279,1764.215,2181.382,0.04239764,-0.04015461,0.01259763,1.09091734886169,-0.209339022636414,0.0446818470954895,1.120140680637,0,0,0
10.4599990844727,0.596008718013763,1.55052328109741,0.0354315042495728,0.700054260440844,1.67500019073486,0.0500000007450581,2441.82,3201.355,1255.861,1700.454,0.06542361,-0.04314587,0.02039176,1.05309891700745,-0.209946230053902,0.0567754991352558,1.06667715019353,0,0,0
10.4800033569336,0.61637270450592,1.54645919799805,0.0368560552597046,0.720864541678321,1.67500019073486,0.0500000007450581,2534.493,3040.782,769.892,2223.683,0.07937287,-0.04531422,0.01908621,1.01866817474365,-0.202733531594276,0.0712350234389305,1.01406357382892,0,0,0
10.4999923706055,0.636089384555817,1.54259037971497,0.038061261177063,0.740617656261009,1.67500019073486,0.0500000007450581,2292.126,3494.819,1208.347,1493.299,0.07543834,-0.04650518,0.01631234,0.986126124858856,-0.193568587303162,0.0597341991961002,0.962519456440349,0,0,2
10.5199966430664,0.655249714851379,1.53892159461975,0.0389909744262695,0.759366071772541,1.67500019073486,0.0500000007450581,1760.547,3152.333,1798.472,1805.66,0.06343573,-0.04616962,0.01138618,0.958265006542206,-0.183547899127007,0.0463893115520477,0.912135066802265,0,0,2
10.5400009155273,0.67391711473465,1.53544330596924,0.0396629571914673,0.777119904442834,1.67500019073486,0.0500000007450581,1643.944,3380.971,2427.118,1092.473,0.04354679,-0.04526415,0.009839918,0.933078527450562,-0.174206525087357,0.0335065387189388,0.86310771088757,0,0,1
10.5599899291992,0.692099809646606,1.53209507465363,0.040141224861145,0.793895335332021,1.67500019073486,0.0500000007450581,1292.617,3206.698,2963.204,1110.629,0.02361534,-0.04402205,0.01249475,0.909094572067261,-0.167438358068466,0.0239028707146645,0.815619045666243,0,0,2
10.5799942016602,0.709796547889709,1.52882361412048,0.0405565500259399,0.809749386533408,1.67500019073486,0.0500000007450581,1179.684,3040.947,3255.215,1122.076,0.009440043,-0.04292962,0.01900707,0.884879589080811,-0.163541570305824,0.0207515619695187,0.769730972674791,0,0,3
10.5999984741211,0.727019965648651,1.52561974525452,0.0410920381546021,0.824702892583238,1.67500019073486,0.0500000007450581,1257.74,2903.157,3251.146,1195.921,0.004090527,-0.04225371,0.02780701,0.861400187015533,-0.160015076398849,0.0270283073186874,0.72560329719135,0,0,3
10.620002746582,0.743784606456757,1.52250921726227,0.0419038534164429,0.838792202746402,1.67500019073486,0.0500000007450581,1605.215,2879.929,2863.661,1238.363,0.00611277,-0.04219832,0.03670324,0.838546693325043,-0.155280828475952,0.0407035425305367,0.683347452709469,0,0,3
10.6399917602539,0.760085880756378,1.51951730251312,0.0429892539978027,0.852045967514232,1.67500019073486,0.0500000007450581,1834.777,2923.582,2424.714,1353.074,0.01168657,-0.04242362,0.04407917,0.815066933631897,-0.149598568677902,0.0542697571218014,0.643093296048886,0,0,3
10.6599960327148,0.77590423822403,1.51665663719177,0.0442295074462891,0.864524741608203,1.67500019073486,0.0500000007450581,1864.033,2911.641,2169.435,1536.734,0.01830447,-0.04238794,0.04872289,0.79091864824295,-0.143036022782326,0.0620152913033962,0.604867692510359,0,0,3
10.6800003051758,0.791197001934052,1.51386952400208,0.0455735921859741,0.8762600953557,1.67500019073486,0.0500000007450581,1897.381,2886.548,2030.549,1632.631,0.02438008,-0.04199272,0.04974774,0.764443635940552,-0.139745473861694,0.0673157721757889,0.568778987152355,0,0,3
10.7000045776367,0.805916607379913,1.51104533672333,0.0467545986175537,0.88729544843922,1.67500019073486,0.0500000007450581,1673.669,2969.338,2429.187,1340.889,0.02795875,-0.04129231,0.0502956,0.73554515838623,-0.142033249139786,0.059179849922657,0.534892502875842,0,0,3
10.7199935913086,0.820089638233185,1.50820124149323,0.0478358268737793,0.89766773260864,1.67500019073486,0.0500000007450581,1443.474,2798.568,2681.862,1519.793,0.03530467,-0.04017378,0.0498037,0.708376526832581,-0.142700105905533,0.054036233574152,0.503285288487385,0,0,4
10.7399978637695,0.833743035793304,1.50540161132813,0.0490691661834717,0.907438326008752,1.67500019073486,0.0500000007450581,1861.049,2951.913,2342.589,1306.866,0.04419494,-0.03965393,0.04808651,0.682500720024109,-0.140248104929924,0.061408244073391,0.473951329439339,0,0,5
10.7600021362305,0.846909880638123,1.50267136096954,0.0502808094024658,0.916645368153906,1.67500019073486,0.0500000007450581,1860.023,3119.322,2288.515,1148.128,0.05026035,-0.03961665,0.04690938,0.658275663852692,-0.136630162596703,0.0603183545172215,0.446946362046086,0,0,5
10.7799911499023,0.859619379043579,1.49999392032623,0.0515254735946655,0.925329216447818,1.67500019073486,0.0500000007450581,1743.97,2937.108,2126.166,1601.781,0.05713156,-0.03953516,0.04352485,0.6354820728302,-0.134607538580894,0.0621008425951004,0.422307508637893,0,0,5
10.7999954223633,0.871884047985077,1.49724698066711,0.0526171922683716,0.933550168891092,1.67500019073486,0.0500000007450581,1668.551,3150.368,2385.446,1179.175,0.06053269,-0.03974235,0.04168569,0.612935721874237,-0.138672545552254,0.0543180033564568,0.400004834618207,0,0,5
10.8199996948242,0.88372266292572,1.49438428878784,0.053561806678772,0.94134851406414,1.67500019073486,0.0500000007450581,1329.476,3010.205,2696.236,1373.632,0.06609464,-0.03988244,0.04139027,0.591830432415009,-0.143600642681122,0.0470013730227947,0.380054206966716,0,0,5
10.8400039672852,0.895206153392792,1.49143671989441,0.054556131362915,0.948771168446664,1.67500019073486,0.0500000007450581,1498.746,2991.975,2557.39,1394.476,0.07552892,-0.0404156,0.04172395,0.574115991592407,-0.147671118378639,0.0495672225952148,0.362440257246049,0,0,5
10.859992980957,0.906363844871521,1.48843848705292,0.0556070804595947,0.955859328802114,1.67500019073486,0.0500000007450581,1687.021,3161.673,2407.702,1176.954,0.08465137,-0.04172268,0.04371328,0.557838320732117,-0.150247693061829,0.0524500571191311,0.347146889609429,0,0,6
10.879997253418,0.917218327522278,1.48533356189728,0.0567313432693481,0.962669628244585,1.67500019073486,0.0500000007450581,1580.916,3021.932,2232.576,1590.669,0.0958392,-0.04335999,0.04499088,0.542795777320862,-0.154471844434738,0.0559459812939167,0.334112356090522,0,0,7
10.9000015258789,0.92778205871582,1.48224818706512,0.0578118562698364,0.969241493309708,1.67500019073486,0.0500000007450581,1527.388,3121.118,2303.66,1464.948,0.1067393,-0.04513525,0.04696227,0.52835077047348,-0.153998091816902,0.0537921041250229,0.323299258610183,0,0,7
10.9199905395508,0.938045024871826,1.47930228710175,0.0590887069702148,0.975613965345179,1.67500019073486,0.0500000007450581,1658.755,2907.118,1818.543,2051.715,0.1214253,-0.04674327,0.04473759,0.513215184211731,-0.14696092903614,0.0633902698755264,0.314651913206157,0,0,7
10.9399948120117,0.948009073734283,1.47655034065247,0.0603055953979492,0.981839244225256,1.67500019073486,0.0500000007450581,1736.964,3102.89,1798.362,1747.968,0.1330057,-0.04828631,0.04060134,0.498217105865479,-0.137146502733231,0.0605097338557243,0.308084159742978,0,0,7
10.9599990844727,0.957683861255646,1.47405552864075,0.0615785121917725,0.987953319559789,1.67500019073486,0.0500000007450581,1749.108,2943.028,1535.22,2160.658,0.144243,-0.04942933,0.03144425,0.483732402324677,-0.124311089515686,0.0632411390542984,0.303518884566207,0,0,7
10.9800033569336,0.967104852199554,1.47181463241577,0.0626715421676636,0.993995307887567,1.67500019073486,0.0500000007450581,1719.604,3216.519,1761.864,1649.796,0.1490424,-0.05043654,0.02157901,0.471043676137924,-0.111676126718521,0.0542494170367718,0.300860027900137,0,0,7
10.9999923706055,0.97633284330368,1.46981906890869,0.063714861869812,0.999997711181641,1.67500019073486,0.0500000007450581,1622.379,3123.771,1759.075,1853.792,0.1512118,-0.05116678,0.009934328,0.461364388465881,-0.0995315909385681,0.0517690293490887,0.300000000122237,0,0,7
11.0199966430664,0.985426962375641,1.46801841259003,0.0645391941070557,1.00599834736196,1.67500019073486,0.0500011787647293,1474.797,3401.705,2138.566,1317.646,0.1471772,-0.05184322,0.00160225,0.454660415649414,-0.0897164642810822,0.0408935099840164,0.299903355447112,0,0.00017628930641647,7
11.0400009155273,0.994439303874969,1.46644759178162,0.0655746459960938,1.01199514006762,1.67500019073486,0.0500093594543974,2250.307,3768.778,1630.547,711.0287,0.1306249,-0.05457243,-0.002475674,0.45055878162384,-0.0781675055623055,0.0515370182693005,0.299616552632515,0,0.000698352893518291,7
11.0599899291992,1.00332295894623,1.46495854854584,0.0661019086837769,1.01797976967674,1.67500019073486,0.0500313305057675,863.843,3683.375,2677.179,1055.891,0.1072502,-0.05612026,0.002874021,0.444311827421188,-0.0741463378071785,0.0262133721262217,0.299144906636715,0,0.00155487780960675,8
11.0799942016602,1.01204884052277,1.46355736255646,0.0666952133178711,1.02395771756317,1.67500019073486,0.0500737231152591,621.1495,2779.482,2600.135,2399.763,0.09855349,-0.05640256,0.006932377,0.435787379741669,-0.0697554424405098,0.0287891440093517,0.29849253492369,0,0.00273675133674834,8
11.0999984741211,1.02055549621582,1.46223437786102,0.0671542882919312,1.02992085049471,1.67500019073486,0.0501429210434246,995.0931,3050.466,3023.136,1330.266,0.09488305,-0.05693093,0.0145837,0.424650371074677,-0.065687894821167,0.0231994688510895,0.297664523074412,0,0.0042331260746212,8
11.120002746582,1.02878820896149,1.46105349063873,0.068034291267395,1.03586570250897,1.67500019073486,0.0502451133267944,1280.114,2650.989,2297.904,2226.935,0.1049612,-0.05772615,0.01740007,0.411635488271713,-0.0589024759829044,0.0434360131621361,0.296665621639791,0,0.00603378889868304,8
11.1399917602539,1.03674709796906,1.46001076698303,0.0689517259597778,1.04178439323678,1.67500019073486,0.0503861617455858,1621.35,3063.351,2214.147,1489.488,0.1152188,-0.05915733,0.01988003,0.397913634777069,-0.0521109700202942,0.0453559495508671,0.295501486977964,0,0.00812692618670437,8
11.1599960327148,1.04442524909973,1.45916521549225,0.0701901912689209,1.04768268319316,1.67500019073486,0.0505720627443498,1833.244,2837.049,1434.409,2304.383,0.1293994,-0.0607467,0.0155931,0.383820921182632,-0.0423867553472519,0.0611780770123005,0.294174999313296,0,0.0105057406905141,8
11.1800003051758,1.05183160305023,1.45849716663361,0.0712765455245972,1.05355286062046,1.67500019073486,0.0508083101642434,1856.9,3295.375,1580.79,1612.965,0.1351739,-0.06240639,0.01064667,0.370254963636398,-0.0335161760449409,0.0537424646317959,0.292691599981873,0,0.0131588532097968,8
11.2000045776367,1.0590044260025,1.45803475379944,0.0724160671234131,1.05939183240411,1.67500019073486,0.0511002930848774,1804.423,3064.03,1337.073,2182.53,0.1381692,-0.06368311,0.00110299,0.358566552400589,-0.0233276933431625,0.0564762614667416,0.291055859415123,0,0.0160764784038308,8
11.2199935913086,1.06601011753082,1.45770907402039,0.0732784271240234,1.06519218245134,1.67500019073486,0.051452912210834,1634.359,3491.614,1818.086,1422.804,0.1310719,-0.06461894,-0.005793973,0.349409580230713,-0.0164429266005754,0.0429537743330002,0.289273718652436,0,0.0192464233416317,9
11.2399978637695,1.07289373874664,1.45750641822815,0.0740640163421631,1.0709598560149,1.67500019073486,0.0518717046477399,1415.155,3292.532,1976.695,1742.048,0.1215355,-0.0651308,-0.01171365,0.343189507722855,-0.0102204279974103,0.0391218923032284,0.287346934392404,0,0.0226639622681157,9
11.2600021362305,1.07967662811279,1.45739340782166,0.0746850967407227,1.07668758897275,1.67500019073486,0.0523612367129216,1250.587,3459.181,2401.267,1329.511,0.108611,-0.06549512,-0.01285242,0.339134603738785,-0.00551270181313157,0.0308726821094751,0.285281246594579,0,0.0263173068237937,8
11.2799911499023,1.08640909194946,1.45737421512604,0.0753540992736816,1.0823683271611,1.67500019073486,0.0529256710046075,1190.392,3198.571,2413.589,1684.484,0.09919023,-0.06580671,-0.01216852,0.336612045764923,-0.000787466822657734,0.0331107154488564,0.283082773988765,0,0.0301940560944911,8
11.2999954223633,1.09309697151184,1.45745289325714,0.0760500431060791,1.08800809781,1.67500019073486,0.0535703037297845,1251.872,3229.768,2491.748,1517.647,0.09199727,-0.06620299,-0.009002017,0.334388375282288,0.00420662993565202,0.0346009880304337,0.280752502657249,0,0.0342908840292808,8
11.3199996948242,1.09973514080048,1.45766127109528,0.0769180059432983,1.09359998696648,1.67500019073486,0.0542989867231811,1370.532,3038.112,2252.587,1846.989,0.08979037,-0.06655559,-0.006727677,0.331911563873291,0.0107598537579179,0.0430795066058636,0.278296360345442,0,0.0385957727553981,8
11.3400039672852,1.10631263256073,1.45802664756775,0.0778913497924805,1.09914151930963,1.67500019073486,0.0551157915245414,1543.168,3082.199,2115.836,1753.039,0.08904774,-0.06675373,-0.005496765,0.328873544931412,0.0186411403119564,0.0483598187565804,0.275718602284263,0,0.04309968553341,8
11.359992980957,1.1128089427948,1.45856714248657,0.0789933204650879,1.10462613816778,1.67500019073486,0.0560238807240822,1686.493,3008.859,1888.132,1911.468,0.08918908,-0.06667703,-0.007222493,0.32483446598053,0.0273700561374426,0.0551050119102001,0.273025538155934,0,0.0477900419150156,8
11.379997253418,1.1192455291748,1.45928752422333,0.0800962448120117,1.11005991156207,1.67500019073486,0.0570283526965454,1706.496,3103.023,1930.453,1742.573,0.08691886,-0.0661215,-0.01061802,0.321818828582764,0.0362943261861801,0.0548593997955322,0.27021721893617,0,0.0526651855094912,8
11.4000015258789,1.12563765048981,1.46018266677856,0.0812333822250366,1.11543640827544,1.67500019073486,0.0581320888012653,1817.661,3107.944,1882.402,1690.813,0.08165696,-0.06530923,-0.01589268,0.319579273462296,0.0449690818786621,0.0564683452248573,0.267299776303482,0,0.0577128913431538,8
11.4199905395508,1.13200306892395,1.46122789382935,0.0822739601135254,1.12074945363907,1.67500019073486,0.0593374946123763,1679.477,3239.811,2136.383,1444.174,0.07174364,-0.06406926,-0.02033537,0.3182273209095,0.0525100231170654,0.051805067807436,0.264279629861642,0,0.0629205148131263,8
11.4399948120117,1.13835978507996,1.46240198612213,0.0832966566085815,1.12600509942141,1.67500019073486,0.0606496030282437,1579.797,3147.939,2276.853,1527.021,0.06062533,-0.06247989,-0.02440095,0.317775160074234,0.0589712075889111,0.0509600713849068,0.261156196228884,0,0.0682875098630028,8
11.4599990844727,1.14468586444855,1.463623046875,0.0842865705490112,1.13119728601122,1.67500019073486,0.0620705591215588,1511.245,3207.841,2501.975,1325.593,0.04839164,-0.06083778,-0.02644253,0.315983176231384,0.0610135830938816,0.0493982508778572,0.257935726379615,0,0.0738015675470498,8
11.4800033569336,1.15095710754395,1.46483433246613,0.0852394104003906,1.13632411175341,1.67500019073486,0.0636032216959223,1247.827,3145.021,2771.902,1407.326,0.03898811,-0.05908596,-0.0258513,0.313105642795563,0.0604935623705387,0.0476950891315937,0.254622160344251,0,0.0794543997271225,8
11.4999923706055,1.15716588497162,1.46600139141083,0.0863330364227295,1.14137992003603,1.67500019073486,0.0652489842346787,1363.889,3017.029,2709.132,1520.441,0.03520345,-0.0577107,-0.02454955,0.310363382101059,0.0581373758614063,0.0547593310475349,0.251222021679361,0,0.0852333660589455,8
11.5199966430664,1.16332495212555,1.4671243429184,0.0875827074050903,1.14637068490847,1.67500019073486,0.0670128892917249,1558.574,3117.141,2611.698,1327.362,0.03392141,-0.05687713,-0.02201156,0.307946503162384,0.05612463504076,0.0626197829842567,0.247733966857373,0,0.0911392202772343,8
11.5400009155273,1.16942608356476,1.46822392940521,0.0890884399414063,1.15129085181018,1.67500019073486,0.0688960956820989,1715.885,3034.15,2316.366,1554.64,0.03523199,-0.05640841,-0.02074869,0.305077522993088,0.0550634227693081,0.0752726420760155,0.244164362824649,0,0.0971596324116908,9
11.5599899291992,1.1754686832428,1.46932137012482,0.0907354354858398,1.15613515707161,1.67500019073486,0.0708992402602595,1766.226,3115.696,2212.139,1508.359,0.03590088,-0.05589602,-0.02029276,0.302152216434479,0.0549489445984364,0.082343801856041,0.240519780337042,0,0.103282029806414,9
11.5799942016602,1.18146622180939,1.47042846679688,0.0925050973892212,1.1609094786291,1.67500019073486,0.0730274366923748,1832.254,3058.434,2080.819,1636.426,0.03576667,-0.05516152,-0.02182567,0.29988706111908,0.0553751550614834,0.0883945748209953,0.236798367675131,0,0.109508011131926,9
11.5999984741211,1.18742799758911,1.47154319286346,0.0943249464035034,1.1656086457294,1.67500019073486,0.0752811052394845,1859.834,3168.265,2144.291,1440.198,0.03201979,-0.05415485,-0.02394927,0.298093914985657,0.0557584054768085,0.0909573584794998,0.23300654763781,0,0.115825296001439,9
11.620002746582,1.19336473941803,1.47265374660492,0.0961602926254272,1.17023128625529,1.67500019073486,0.0776619967727695,1751.736,3164.327,2289.777,1423.919,0.02567276,-0.05281368,-0.02599831,0.296847254037857,0.0555264092981815,0.0916493088006973,0.22914794505499,0,0.122226344878096,9
11.6399917602539,1.1992849111557,1.47373759746552,0.0980087518692017,1.17477266345004,1.67500019073486,0.0801697485852618,1673.041,3170.485,2464.038,1347.301,0.01783641,-0.05127491,-0.02710778,0.296017557382584,0.0542006231844425,0.092308446764946,0.225229154364921,0,0.128698757175426,9
11.6599960327148,1.20519232749939,1.47477328777313,0.0998979806900024,1.17923848257312,1.67500019073486,0.0828096419424488,1608.664,3158.468,2613.607,1301.576,0.01003483,-0.04970684,-0.02676956,0.295385003089905,0.0518186315894127,0.0943884029984474,0.221247725204701,0,0.135245093449791,9
11.6800003051758,1.21108531951904,1.47574484348297,0.101880192756653,1.18362408839321,1.67500019073486,0.0855811199973053,1596.406,3124.09,2682.97,1304.345,0.00370547,-0.04825754,-0.02513225,0.294645339250565,0.0486603602766991,0.0990972816944122,0.217210115113251,0,0.141853222384292,9
11.6999893188477,1.21694421768188,1.47664070129395,0.103996753692627,1.18792513960766,1.67500019073486,0.0884830814201144,1632.991,3095.327,2675.713,1322.136,-0.000545948,-0.0469984,-0.02264592,0.292871206998825,0.044845636934042,0.105825059115887,0.213122908052436,0,0.14851093093812,9
11.7199935913086,1.22268569469452,1.47743165493011,0.106241464614868,1.19214718245917,1.67500019073486,0.0915209796996383,1650.653,3056.913,2636.513,1395.399,-0.002232794,-0.04589798,-0.01998116,0.286640882492065,0.0394024215638638,0.112199708819389,0.208983261539948,0,0.155221383176255,9
11.7399978637695,1.22829580307007,1.47810518741608,0.108577251434326,1.19628594919638,1.67500019073486,0.0946935350262026,1497.307,2968.784,2683.954,1608.443,0.000845095,-0.04462073,-0.01789644,0.280294150114059,0.0335521772503853,0.116709716618061,0.204797630570468,0,0.16197261893521,9
11.7600021362305,1.23381173610687,1.47867298126221,0.111156344413757,1.20034055311213,1.67500019073486,0.0980014951422917,1899.739,3002.917,2421.835,1466.948,0.00588941,-0.0437616,-0.01755343,0.275712460279465,0.0283266771584749,0.128868937492371,0.200569324773404,0,0.168757847279417,9
11.7799911499023,1.23926293849945,1.47916400432587,0.11391007900238,1.20430717790571,1.67500019073486,0.10144279406081,2057.284,3233.769,2325.222,1166.926,0.007135618,-0.04323003,-0.01704849,0.272521704435349,0.0245645977556705,0.137719392776489,0.196304878251838,0,0.175565179066422,9
11.7999954223633,1.24465882778168,1.47960078716278,0.116832971572876,1.20819112385329,1.67500019073486,0.105023165744551,1959.108,3168.227,2273.816,1384.928,0.005919219,-0.04262549,-0.01741601,0.269826769828796,0.0218718629330397,0.146100178360939,0.192000997923862,0,0.182398434305566,9
11.8199996948242,1.25001120567322,1.47997581958771,0.119842886924744,1.21198863829535,1.67500019073486,0.108740385119754,1851.406,3207.954,2398.463,1327.651,0.001911793,-0.04178553,-0.01757473,0.267658948898315,0.018788093701005,0.15036603808403,0.187664099021482,0,0.189245956015802,9
11.8400039672852,1.25532376766205,1.48027670383453,0.122939705848694,1.21569909209622,1.67500019073486,0.112594673753368,1752.037,3180.722,2545.614,1324.267,-0.003242132,-0.04076714,-0.01713638,0.265550285577774,0.0149834454059601,0.154647976160049,0.183297311054623,0,0.196101381045386,9
11.859992980957,1.26059758663177,1.48049545288086,0.126134276390076,1.21931918839355,1.67500019073486,0.116583030131685,1686.067,3179.732,2694.011,1260.594,-0.008366587,-0.03969388,-0.01544261,0.2636479139328,0.0108827129006386,0.159557417035103,0.178907079264312,0,0.202953223736154,8
11.879997253418,1.26583981513977,1.48062133789063,0.129482865333557,1.22285394861973,1.67500019073486,0.12071151467947,1709.908,3133.632,2720.468,1274.782,-0.01209661,-0.03873781,-0.01293391,0.261791616678238,0.00637478707358241,0.167516216635704,0.174489738525052,0,0.20980579956497,8
11.9000015258789,1.27100431919098,1.48069548606873,0.132969975471497,1.22630013042928,1.67500019073486,0.124976984584533,1747.116,3142.572,2725.438,1230.778,-0.01465697,-0.0379085,-0.009835587,0.257916331291199,0.00387756200507283,0.174144491553307,0.17005162475344,0,0.216647835624133,7
11.9199905395508,1.27609264850616,1.48067164421082,0.136621117591858,1.22965482103243,1.67500019073486,0.129375759568019,1751.385,2987.883,2568.822,1554.459,-0.01337386,-0.03703605,-0.008742625,0.254250526428223,-0.00115337700117379,0.182123526930809,0.165599092276359,0,0.223468197933856,7
11.9399948120117,1.28110241889954,1.48055016994476,0.140327453613281,1.23292281485606,1.67500019073486,0.133914167559904,1884.475,3214.587,2631.208,1140.574,-0.01351554,-0.03622751,-0.007193198,0.250296503305435,-0.0060678580775857,0.184939846396446,0.161128245857588,0,0.230271474522923,6
11.9599990844727,1.28603136539459,1.48033905029297,0.144148945808411,1.23610124727357,1.67500019073486,0.138588399332675,1867.666,3096.551,2539.698,1400.749,-0.01249768,-0.03542324,-0.007132478,0.246323570609093,-0.0107004074379802,0.190788760781288,0.156645337298559,0,0.237046730461028,6
11.9800033569336,1.29089951515198,1.48007464408875,0.148077845573425,1.2391899052148,1.67500019073486,0.143397838017784,1930.86,3231.639,2568.281,1190.073,-0.01325775,-0.03467223,-0.007257646,0.243380233645439,-0.0129998847842216,0.196094840764999,0.15215318090869,0,0.243788351197713,7
11.9999923706055,1.29571664333344,1.47972691059113,0.152169466018677,1.24218637840158,1.67500019073486,0.148337933353732,1987.948,3205.314,2470.213,1273.631,-0.01528708,-0.03404798,-0.008355401,0.240624710917473,-0.0179776605218649,0.203997999429703,0.147657979186224,0,0.250485732951747,7
12.0199966430664,1.30045795440674,1.47926998138428,0.156244993209839,1.24509513937077,1.67500019073486,0.153415390824934,1777.399,3381.713,2790.862,985.1857,-0.02062459,-0.03338006,-0.006985472,0.236857175827026,-0.0228633768856525,0.203428536653519,0.143155591746047,0,0.257143703507282,7
12.0400009155273,1.30514013767242,1.47870004177094,0.160439729690552,1.24791381815218,1.67500019073486,0.158625546451751,1647.199,3108.134,2768.953,1454.954,-0.02213193,-0.03260934,-0.006206231,0.233978733420372,-0.0288944561034441,0.209216296672821,0.13865212714607,0,0.263751841005247,7
12.0599899291992,1.30973875522614,1.4779942035675,0.164749026298523,1.25064037262454,1.67500019073486,0.163963226814678,1858.768,3315.059,2829.177,992.1077,-0.02472532,-0.03225248,-0.003633084,0.229794323444366,-0.0352829322218895,0.215442895889282,0.134153652271753,0,0.27029998237961,8
12.0799942016602,1.31425333023071,1.47717618942261,0.169203162193298,1.25327902252983,1.67500019073486,0.169435430195798,1689.103,3193.236,2849.216,1280.97,-0.02492026,-0.03199575,-0.0004825648,0.225674375891685,-0.0410228632390499,0.222383946180344,0.129655886745634,0,0.276793048180187,8
12.0999984741211,1.31869375705719,1.47625660896301,0.173871159553528,1.25582776060246,1.67500019073486,0.175036880009041,1853.98,3188.029,2702.379,1286.603,-0.02345606,-0.03194142,0.002486055,0.222052738070488,-0.0463726036250591,0.232912808656693,0.12516480959072,0,0.283221045274734,8
12.120002746582,1.32304704189301,1.47523522377014,0.178708553314209,1.25828674570994,1.67500019073486,0.180766225754084,1927.406,3267.44,2657.494,1179.88,-0.02284513,-0.03202185,0.005879436,0.217461675405502,-0.0514417998492718,0.241428673267365,0.120682919915925,0,0.289579107714082,9
12.1399917602539,1.32730054855347,1.47411012649536,0.183688163757324,1.26065441297153,1.67500019073486,0.186617506193939,1814.94,3189.821,2664.835,1372.816,-0.02138412,-0.03195793,0.008887312,0.212510675191879,-0.0563561618328094,0.248655825853348,0.116216076540707,0,0.295857713363116,10
12.1599960327148,1.33144772052765,1.47290563583374,0.188827097415924,1.26293463401603,1.67500019073486,0.192598114695506,1877.734,3202.213,2652.692,1325.454,-0.01967437,-0.03181678,0.01147089,0.207173079252243,-0.0604435279965401,0.256542265415192,0.111759867374962,0,0.302061798778671,10
12.1800003051758,1.33548092842102,1.47162878513336,0.194125950336456,1.26512587209785,1.67500019073486,0.19870199984779,1908.012,3213.833,2642.471,1304.427,-0.01815583,-0.03163569,0.01364735,0.20149239897728,-0.0640425458550453,0.264540284872055,0.107320070999286,0,0.308181996915727,10
12.1999893188477,1.33939182758331,1.47028362751007,0.199561595916748,1.26722690867294,1.67500019073486,0.204922644489046,1899.803,3224.175,2665.076,1287.248,-0.01705169,-0.03143542,0.01562879,0.195485383272171,-0.0672904402017593,0.271524995565414,0.102902370968315,0,0.314209303405527,11
12.2199935913086,1.34318435192108,1.4688892364502,0.205149292945862,1.26924134869587,1.67500019073486,0.211267736584314,1883.496,3215.471,2682.869,1304.937,-0.01592091,-0.03116484,0.01730425,0.189447835087776,-0.0698712542653084,0.278946816921234,0.0985022952247775,0,0.320148591755639,12
12.2399978637695,1.34685242176056,1.46745133399963,0.21089643239975,1.27116799710584,1.67500019073486,0.217730677790938,1913.106,3231.17,2683.156,1265.842,-0.01509,-0.03091025,0.01880991,0.183268874883652,-0.0720448270440102,0.286859512329102,0.0941254524412281,0,0.325991002411643,12
12.2600021362305,1.35039460659027,1.46597754955292,0.216787278652191,1.27300734058015,1.67500019073486,0.22430948878054,1893.061,3238.915,2712.88,1250.412,-0.01457761,-0.03065618,0.02036562,0.17695364356041,-0.0738258138298988,0.294065445661545,0.0897740265260751,0,0.331732418025657,12
12.2799911499023,1.35381007194519,1.46447491645813,0.222831249237061,1.27475860514212,1.67500019073486,0.230996961122786,1881.575,3220.79,2716.332,1280.728,-0.01385163,-0.03040105,0.02179146,0.170628502964973,-0.0752679631114006,0.30169153213501,0.0854534434598092,0,0.337364569910303,12
12.2999954223633,1.3570955991745,1.46294665336609,0.229012608528137,1.27642503634886,1.67500019073486,0.237801166310743,1896.053,3235.257,2724.022,1244.808,-0.0132961,-0.03022208,0.02333124,0.164280444383621,-0.0764246210455894,0.308774441480637,0.0811591994503268,0,0.342892155795619,12
12.3199996948242,1.36025929450989,1.46140372753143,0.235336184501648,1.27800587798642,1.67500019073486,0.244714825807463,1883.988,3224.002,2719.741,1274.98,-0.01258716,-0.03006336,0.0248309,0.158090844750404,-0.0772253721952438,0.316139280796051,0.0768966522581039,0,0.348307039248494,12
12.3400039672852,1.36330699920654,1.45988357067108,0.24182140827179,1.27950178424379,1.67500019073486,0.251735648000943,1901.992,3236.967,2712.615,1251.308,-0.01195972,-0.02994938,0.02625805,0.152463674545288,-0.0761020630598068,0.323856353759766,0.0726678056720665,0,0.353605530704867,12
12.359992980957,1.36623239517212,1.45838701725006,0.248483717441559,1.28091240407981,1.67500019073486,0.258855793961707,1961.267,3227.763,2606.603,1303.905,-0.01153522,-0.02991742,0.027063,0.146255046129227,-0.0749586075544357,0.332767635583878,0.0684778028288182,0,0.358780144127523,12
12.379997253418,1.36903727054596,1.45689582824707,0.255228817462921,1.28224062318822,1.67500019073486,0.266083700768946,1868.388,3261.701,2719.069,1236.98,-0.01211206,-0.0299057,0.02821076,0.140366613864899,-0.0742836445569992,0.336987286806107,0.0643221592903676,0,0.363835306226439,12
12.4000015258789,1.37171602249146,1.45543956756592,0.262105107307434,1.28348610308099,1.67500019073486,0.273411469508238,1848.411,3208.861,2692.956,1344.766,-0.01193096,-0.02984392,0.02901654,0.133905708789825,-0.0729538425803185,0.343516379594803,0.06020595608591,0,0.368763651963562,12
12.4199905395508,1.37426102161407,1.45399332046509,0.269102275371552,1.28464879453404,1.67500019073486,0.280830830432451,1868.783,3238.954,2718.933,1264.541,-0.01184361,-0.02985404,0.02986843,0.12735553085804,-0.0724238902330399,0.349488884210587,0.0561341089725983,0,0.373558309933308,12
12.4399948120117,1.37667226791382,1.45256125926971,0.276203155517578,1.28573131542092,1.67500019073486,0.288350478656219,1835.533,3244.811,2756.695,1251.945,-0.01159487,-0.02992754,0.03105096,0.120657563209534,-0.07171780616045,0.354780346155167,0.052102178907696,0,0.378223447374568,12
12.4599990844727,1.37895214557648,1.45114612579346,0.283435463905334,1.28673362547265,1.67500019073486,0.295962091475923,1844.382,3217.712,2708.985,1319.458,-0.01050617,-0.03005644,0.03198827,0.113872162997723,-0.070845291018486,0.361451774835587,0.0481150237645619,0,0.382752306296433,12
12.4800033569336,1.38107883930206,1.44976115226746,0.29078221321106,1.28765663734354,1.67500019073486,0.303662913144705,1870.92,3251.551,2698.74,1263.144,-0.0095714,-0.03022102,0.03297785,0.106454260647297,-0.0696036368608475,0.367168754339218,0.0441743321316168,0,0.387141945736131,12
12.4999923706055,1.38308370113373,1.44839656352997,0.298242032527924,1.28850068234319,1.67500019073486,0.311444158047773,1829.436,3208.781,2674.832,1368.426,-0.007877097,-0.03035471,0.03350661,0.100089825689793,-0.0683173611760139,0.372810781002045,0.0402846979885791,0,0.391386346574039,13
12.5199966430664,1.38494431972504,1.44706666469574,0.305825352668762,1.28926802686633,1.67500019073486,0.319314838661512,1930.276,3273.291,2625.315,1248.447,-0.007147392,-0.03062156,0.03399567,0.0928649604320526,-0.0666697099804878,0.378889739513397,0.036441780475446,0,0.395489263473764,13
12.5400009155273,1.38666558265686,1.44576823711395,0.313478350639343,1.28995900675656,1.67500019073486,0.327266125120458,1806.462,3238.87,2687.399,1335.38,-0.006420881,-0.03077069,0.03443803,0.086096316576004,-0.0649957954883575,0.382512807846069,0.0326501208392215,0,0.39944478175888,13
12.5599899291992,1.38825118541718,1.44451069831848,0.321251034736633,1.2905742213815,1.67500019073486,0.335288890416183,1856.921,3226.299,2638.469,1348.336,-0.005371063,-0.03089586,0.03448218,0.0791279822587967,-0.0630796402692795,0.388456732034683,0.0289140590051663,0,0.403247543172094,13
12.5799942016602,1.3896871805191,1.44328165054321,0.32910031080246,1.29111567957368,1.67500019073486,0.343392361862905,1848.698,3264.729,2692.864,1251.885,-0.005001416,-0.03103488,0.03485749,0.0720006674528122,-0.0615385919809341,0.392175167798996,0.0252293535796459,0,0.40690094873192,13
12.5999984741211,1.3909924030304,1.44209921360016,0.337037861347198,1.29158398217749,1.67500019073486,0.351567374288043,1797.296,3211.34,2695.21,1352.661,-0.003830158,-0.03107589,0.03505244,0.0651720613241196,-0.0592727698385715,0.396632641553879,0.0216002952577211,0,0.410399738752386,13
12.620002746582,1.39215683937073,1.44095730781555,0.34509015083313,1.29198025618465,1.67500019073486,0.359810812613607,1876.832,3229.753,2636.78,1307.256,-0.002624279,-0.03121172,0.03502195,0.0583372227847576,-0.0571553185582161,0.402394086122513,0.0180282574273079,0,0.413741720872008,13
12.6399917602539,1.39317643642426,1.43986427783966,0.353203058242798,1.292305434115,1.67500019073486,0.368113157225233,1839.095,3253.42,2684.206,1259.441,-0.001997903,-0.0313225,0.03531764,0.0509431213140488,-0.0548893511295319,0.405450284481049,0.0145172260319053,0,0.416922442773347,13
12.6599960327148,1.3940691947937,1.43881297111511,0.361412763595581,1.2925611918007,1.67500019073486,0.37648388699433,1787.684,3175.443,2650.7,1420.281,-2.03157E-05,-0.03132517,0.03501391,0.0446297265589237,-0.0526124499738216,0.410221785306931,0.0110631232307932,0,0.41994478330822,13
12.6800003051758,1.39482414722443,1.43781864643097,0.369711399078369,1.29274845947111,1.67500019073486,0.384913451752046,1917.865,3265.94,2624.92,1213.738,0.0007569722,-0.03149241,0.03497906,0.0376216694712639,-0.0499831810593605,0.414630115032196,0.0076698899268243,0,0.422804382042655,13
12.6999893188477,1.39543950557709,1.43686950206757,0.37807685136795,1.29286840056374,1.67500019073486,0.39339208554768,1787.446,3203.705,2652.272,1366.912,0.00200994,-0.03153396,0.03473496,0.0308978706598282,-0.0475856028497219,0.418225109577179,0.00434123638062778,0,0.425497481766578,13
12.7199935913086,1.39592826366425,1.43597638607025,0.38651829957962,1.29292245047,1.67500019073486,0.401929427386545,1835.098,3214.964,2639.738,1311.232,0.003314323,-0.03156645,0.03445734,0.0243087448179722,-0.0448271855711937,0.421928316354752,0.00107322819577539,0,0.428026537484035,13
12.7399978637695,1.39628326892853,1.435133934021,0.395035266876221,1.29291176771958,1.67500019073486,0.410515686147791,1843.288,3209.174,2615.823,1321.7,0.004630678,-0.03161865,0.03401858,0.0178144928067923,-0.0422431156039238,0.425807476043701,-0.00213046662633455,0,0.430387879709154,13
12.7600021362305,1.39651370048523,1.43434965610504,0.403602659702301,1.29283764951372,1.67500019073486,0.419147492226021,1825.17,3217.779,2638.083,1295.278,0.005699226,-0.03164368,0.03369331,0.0114209530875087,-0.0394029803574085,0.428284287452698,-0.00526878989829185,0,0.43258006468174,13
12.7799911499023,1.39661765098572,1.43361818790436,0.412245631217957,1.2927015410232,1.67500019073486,0.427814816719109,1823.905,3184.477,2597.004,1363.09,0.007234141,-0.03164421,0.03297267,0.00526145007461309,-0.0366738215088844,0.432085484266281,-0.00833841081633491,0,0.434600278803568,13
12.7999954223633,1.39659869670868,1.4329469203949,0.420932412147522,1.29250457132713,1.67500019073486,0.436527471279717,1838.976,3224.987,2628.688,1259.458,0.008071347,-0.03169747,0.0325093,-0.000881043146364391,-0.033624742180109,0.434243708848953,-0.0113430483122377,0,0.436450377284366,13
12.8199996948242,1.39646911621094,1.43233847618103,0.429684281349182,1.29224817744045,1.67500019073486,0.445275408668797,1804.817,3174.424,2585.925,1377.51,0.009518024,-0.03166712,0.03166378,-0.00650274148210883,-0.0306162554770708,0.437484294176102,-0.014279410613444,0,0.438127629845888,13
12.8400039672852,1.39622342586517,1.4317821264267,0.438472867012024,1.29193373401639,1.67500019073486,0.454055160889235,1850.335,3219.177,2598.709,1258.069,0.01017315,-0.03172624,0.03103514,-0.0122430063784122,-0.0278895441442728,0.43938872218132,-0.0171466196520251,0,0.439631020511758,13
12.859992980957,1.39587104320526,1.43129026889801,0.447290003299713,1.29156293712562,1.67500019073486,0.46285651218703,1775.703,3179.698,2614.73,1344.94,0.01117634,-0.03170493,0.03035021,-0.01758704893291,-0.0246573910117149,0.440842479467392,-0.0199417356172936,0,0.440958693647233,13
12.879997253418,1.39541661739349,1.4308625459671,0.456163644790649,1.29113662774676,1.67500019073486,0.471689397607607,1833.382,3175.721,2555.717,1340.473,0.01234939,-0.03169801,0.02935116,-0.022724436596036,-0.0215909443795681,0.44367989897728,-0.022668238354499,0,0.442111874659499,13
12.9000015258789,1.39485907554626,1.43048560619354,0.465046405792236,1.29065649078288,1.67500019073486,0.480543589593117,1817.486,3208.448,2599.974,1260.873,0.01276986,-0.03172091,0.02870847,-0.0278527960181236,-0.0189734809100628,0.444105207920074,-0.0253232244055913,0,0.443088788134531,13
12.9199905395508,1.3942095041275,1.43017482757568,0.473956346511841,1.2901243897262,1.67500019073486,0.489408782776096,1766.184,3155.409,2592.019,1365.849,0.0138721,-0.03164741,0.02785115,-0.0325239188969135,-0.0156964343041182,0.445429116487503,-0.0279040534342509,0,0.443888303142781,13
12.9399948120117,1.39346539974213,1.42991745471954,0.482900977134705,1.28954096248827,1.67500019073486,0.498294971195989,1842.275,3175.449,2541.182,1307.916,0.01477175,-0.03166818,0.02682705,-0.0371299162507057,-0.0129454871639609,0.447249561548233,-0.0304140131252715,0,0.444511159356724,14
12.9599990844727,1.39263105392456,1.42971646785736,0.491838753223419,1.28890805926361,1.67500019073486,0.507191842446824,1785.113,3190.807,2597.279,1276.748,0.01518015,-0.0316751,0.02614864,-0.0416143536567688,-0.0100730312988162,0.446911066770554,-0.0328504978467236,0,0.444956304599539,14
12.9800033569336,1.39171874523163,1.42957890033722,0.500805914402008,1.28822715557049,1.67500019073486,0.516095838697279,1779.55,3137.209,2541.181,1385.422,0.01637828,-0.03163889,0.02503263,-0.0456364117562771,-0.00693312659859657,0.448258846998215,-0.0352129447311831,0,0.445223471496141,14
12.9999923706055,1.39072275161743,1.42949390411377,0.50977486371994,1.28750030994071,1.67500019073486,0.52499660290778,1833.461,3186.896,2538.201,1268.474,0.0168388,-0.03165753,0.0240599,-0.0498086288571358,-0.00437153503298759,0.448446273803711,-0.0374991193359166,0,0.445312499637794,14
13.0199966430664,1.38964927196503,1.42946124076843,0.518730282783508,1.28672790796766,1.67500019073486,0.533904162047779,1752.872,3155.088,2575.197,1331.79,0.01750158,-0.03158349,0.02315678,-0.0536546148359776,-0.00171171769034117,0.44776439666748,-0.0397120394966427,0,0.445223471496141,14
13.0400009155273,1.38850569725037,1.42948508262634,0.527698397636414,1.28591199218137,1.67500019073486,0.542808158298234,1799.043,3141.095,2529.015,1337.836,0.0184739,-0.03152703,0.02200858,-0.0572066567838192,0.00111171253956854,0.448339283466339,-0.0418495037579764,0,0.444956304599539,14
13.0599899291992,1.3872936964035,1.4295597076416,0.536650776863098,1.28505474594448,1.67500019073486,0.551698246843945,1810.863,3168.073,2532.38,1280.14,0.01892901,-0.03151052,0.02099504,-0.0606430135667324,0.00364960939623415,0.447600662708282,-0.0439095858029288,0,0.444511566669023,14
13.0799942016602,1.38601696491241,1.42968845367432,0.545586347579956,1.28415638006508,1.67500019073486,0.560584444766836,1771.431,3141.727,2531.726,1336.384,0.01955146,-0.03145033,0.01987943,-0.0638540610671043,0.00632406212389469,0.446716845035553,-0.0458950932829101,0,0.443888845879772,14
13.0999984741211,1.38468289375305,1.42986524105072,0.554517447948456,1.28321905995424,1.67500019073486,0.569456411151941,1794.172,3142.732,2511.963,1322.129,0.0201818,-0.03138216,0.01861547,-0.0667886510491371,0.00857627391815186,0.446385115385056,-0.0478041319411311,0,0.44308878813453,14
13.120002746582,1.38328957557678,1.43008482456207,0.56341165304184,1.28224431786738,1.67500019073486,0.578310603137452,1783.213,3163.168,2544.082,1266.21,0.0203334,-0.03131877,0.01767402,-0.0697567313909531,0.0108539294451475,0.444612681865692,-0.0496364541106737,0,0.442111874659499,14
13.1399917602539,1.38184213638306,1.43035519123077,0.572287857532501,1.28123447473137,1.67500019073486,0.587136760055114,1758.736,3114.576,2516.652,1359.215,0.02110607,-0.03119467,0.01644725,-0.0724071115255356,0.0134870400652289,0.443566203117371,-0.0513905475394263,0,0.440959640271955,15
13.1599960327148,1.38034451007843,1.43066906929016,0.581136405467987,1.28018952818314,1.67500019073486,0.595944839855823,1809.892,3137.455,2491.172,1298.562,0.02156822,-0.03111637,0.0151337,-0.0748961567878723,0.0154701694846153,0.442353546619415,-0.053068932725614,0,0.439631020511758,15
13.1800003051758,1.37879908084869,1.43102133274078,0.589929401874542,1.279111778667,1.67500019073486,0.604724592076261,1766.499,3147.233,2533.158,1277.623,0.02166608,-0.03100452,0.01411598,-0.0773025155067444,0.017415838316083,0.43958967924118,-0.054670128721811,0,0.438127629845888,15
13.1999893188477,1.37721252441406,1.4314101934433,0.598690509796143,1.27800362849203,1.67500019073486,0.613465869750833,1762.921,3105.067,2501.469,1350.066,0.02234404,-0.03085698,0.01282901,-0.0793466195464134,0.0193466115742922,0.437996685504913,-0.0561929350064326,0,0.436451722660292,15
13.2199935913086,1.37558448314667,1.43183875083923,0.60740327835083,1.27686493060842,1.67500019073486,0.622178552540701,1799.532,3141.031,2506.077,1261.246,0.02252308,-0.03074886,0.0117149,-0.081463985145092,0.0212500151246786,0.43554812669754,-0.0576396539627321,0,0.43460175560795,15
13.2399978637695,1.3739105463028,1.43229258060455,0.616050541400909,1.27569806497222,1.67500019073486,0.630852508519037,1759.164,3107.527,2497.87,1335.234,0.02332819,-0.03054912,0.0103073,-0.0837898105382919,0.0225843358784914,0.432271420955658,-0.0590091161677614,0,0.43258006468174,15
13.2600021362305,1.37220132350922,1.43278121948242,0.624626398086548,1.27450457644815,1.67500019073486,0.639484314597267,1767.391,3110.468,2509.042,1308.411,0.02443159,-0.03029932,0.008752979,-0.0855094194412231,0.0242346785962582,0.428697794675827,-0.0603013891551071,0,0.430387879709154,15
13.2799911499023,1.37046253681183,1.43330049514771,0.633172214031219,1.2732869467612,1.67500019073486,0.648064042177634,1841.302,3120.298,2439.982,1290.204,0.02532498,-0.03014911,0.006872322,-0.0870417729020119,0.0258280280977488,0.427207708358765,-0.061515687910133,0,0.428028402765915,15
13.2999954223633,1.3686945438385,1.4338504076004,0.641624093055725,1.27204485631791,1.67500019073486,0.656601422605854,1799.149,3164.461,2493.533,1218.691,0.0251493,-0.03000211,0.005445697,-0.0885430127382278,0.0273178592324257,0.422451704740524,-0.0626540238172385,0,0.42549947439899,15
13.3199996948242,1.36690759658813,1.4344334602356,0.650042831897736,1.27078076199776,1.67500019073486,0.665086548993012,1759.025,3091.254,2458.978,1366.539,0.02559451,-0.02979598,0.003532908,-0.0894083976745605,0.0290252566337585,0.420860856771469,-0.0637156431664357,0,0.422804382042655,15
13.3399887084961,1.36509716510773,1.43503999710083,0.658383727073669,1.26949718330793,1.67500019073486,0.673509705884745,1815.18,3172.144,2491.925,1179.369,0.02483131,-0.02967028,0.002218113,-0.0906517952680588,0.0301672723144293,0.416876822710037,-0.0647000712318037,0,0.419947026794545,15
13.359992980957,1.3632744550705,1.4356781244278,0.666650176048279,1.26819368647056,1.67500019073486,0.681880481770157,1703.407,3096.131,2516.943,1336.554,0.0247935,-0.02940929,0.0009449925,-0.0911971181631088,0.0317010842263699,0.413224846124649,-0.0656091034452951,0,0.416924809695653,15
13.379997253418,1.36144697666168,1.43634080886841,0.674870610237122,1.26687276425519,1.67500019073486,0.690189188131452,1811.877,3109.464,2460.051,1264.986,0.02466077,-0.0292447,-0.0003914847,-0.0914688184857368,0.0329425446689129,0.410922974348068,-0.0664422969006864,0,0.413741720872008,15
13.4000015258789,1.35961067676544,1.43702352046967,0.682993650436401,1.26553593000792,1.67500019073486,0.698432626457015,1769.432,3138.108,2504.638,1219.789,0.02392946,-0.02908332,-0.001233576,-0.0920167118310928,0.033857174217701,0.406091839075089,-0.0672000343320703,0,0.410399738752386,15
13.4199905395508,1.35777246952057,1.43772578239441,0.691062152385712,1.26418572477278,1.67500019073486,0.706601430045594,1722.367,3069.201,2488.922,1349.962,0.02410911,-0.02889423,-0.002370746,-0.0918775647878647,0.0351105444133282,0.403364390134811,-0.0678822512333244,0,0.40690367673583,15
13.4399948120117,1.35593497753143,1.43844699859619,0.699066996574402,1.26282158245199,1.67500019073486,0.714704957237968,1813.547,3127.118,2463.029,1214.258,0.02367254,-0.02882179,-0.003270362,-0.0919943675398827,0.0359572321176529,0.400116682052612,-0.0684904616503186,0,0.403250388250435,15
13.4599990844727,1.35409557819366,1.43918240070343,0.706984460353851,1.26144601476326,1.67500019073486,0.7227338756246,1724.838,3100.068,2493.118,1289.308,0.02341614,-0.02869716,-0.004019775,-0.0920058935880661,0.0367508009076118,0.39573547244072,-0.0690246340641687,0,0.399444781758881,15
13.4800033569336,1.35226368904114,1.439936876297,0.714832067489624,1.2600604972283,1.67500019073486,0.730685162083547,1757.238,3079.141,2458.166,1307.904,0.02351352,-0.02857305,-0.004944957,-0.0916690602898598,0.0376296080648899,0.392282545566559,-0.069485331328449,0,0.395489263473764,15
13.4999923706055,1.35043716430664,1.44069981575012,0.722598552703857,1.25866755983668,1.67500019073486,0.73854987059128,1785.706,3107.495,2451.532,1247.474,0.02318632,-0.02849103,-0.005751363,-0.0914902687072754,0.0380236431956291,0.388269454240799,-0.0698728931141313,0,0.391389531697242,15
13.5199966430664,1.34861433506012,1.44147109985352,0.730272173881531,1.25726652625001,1.67500019073486,0.746337087600353,1727.089,3094.493,2482.83,1279.526,0.02291707,-0.02837438,-0.006401174,-0.0911497548222542,0.0385589711368084,0.383551508188248,-0.0701885636169549,0,0.387141945736131,15
13.5400009155273,1.34680712223053,1.44225752353668,0.737878322601318,1.25585989442745,1.67500019073486,0.754037909269134,1760.297,3073.944,2445.547,1299.443,0.02292962,-0.02826999,-0.007234211,-0.0905160531401634,0.0391791015863419,0.380215615034103,-0.0704327172121279,0,0.382752306296434,15
13.5599899291992,1.34500360488892,1.44304275512695,0.745391964912415,1.25445016501922,1.67500019073486,0.761643750830282,1774.691,3107.257,2451.461,1233.34,0.02242751,-0.02821566,-0.007838748,-0.0901718214154243,0.0392509289085865,0.375531554222107,-0.0706059913972646,0,0.378226954197815,15
13.5799942016602,1.34321439266205,1.4438396692276,0.752808511257172,1.25303659285227,1.67500019073486,0.769163470237614,1706.979,3074.756,2478.608,1300.061,0.02227737,-0.02808144,-0.008371913,-0.0894930511713028,0.0398237518966198,0.3705153465271,-0.0707094382066347,0,0.373561919558649,15
13.5999984741211,1.34144222736359,1.44464039802551,0.760157525539398,1.25162164441633,1.67500019073486,0.776588531236819,1782.15,3062.497,2415.927,1295.28,0.02230396,-0.02800793,-0.009225722,-0.088734395802021,0.0399489402770996,0.367454588413239,-0.0707437314903057,0,0.368763651963562,15
13.620002746582,1.33967769145966,1.44543814659119,0.767382860183716,1.25020669437005,1.67500019073486,0.783916299976112,1743.152,3118.642,2478.542,1199.864,0.02152879,-0.0279078,-0.009440906,-0.0883257463574409,0.0398196242749691,0.361106395721436,-0.0707097493023563,0,0.363835306226439,15
13.6399917602539,1.33792996406555,1.446244597435,0.774528443813324,1.24879417675644,1.67500019073486,0.791138732203031,1701.634,3025.428,2450.633,1363.708,0.02188276,-0.02773842,-0.01016422,-0.0874243974685669,0.0402452722191811,0.357210248708725,-0.070608517455753,0,0.35878404756703,15
13.6599960327148,1.33620083332062,1.4470511674881,0.781591355800629,1.24738327194435,1.67500019073486,0.798264352744115,1802.711,3089.462,2422.765,1214.713,0.0215273,-0.02769208,-0.01077355,-0.0865668430924416,0.0402650646865368,0.353059351444244,-0.0704408488965939,0,0.353605530704868,15
13.6800003051758,1.3344874382019,1.4478565454483,0.78853976726532,1.24597637680459,1.67500019073486,0.805285174937595,1721.624,3082.31,2458.427,1255.644,0.02097419,-0.02758183,-0.01110645,-0.0858305767178535,0.0401670001447201,0.34735381603241,-0.0702078084688215,0,0.348307039248495,15
13.6999893188477,1.3327956199646,1.44866573810577,0.795397698879242,1.24457585529572,1.67500019073486,0.812193602283395,1719.349,3041.983,2443.551,1309.347,0.0209353,-0.02745879,-0.01164228,-0.0846972316503525,0.0403521917760372,0.342845648527145,-0.069910705393196,0,0.342896329567948,15
13.7199935913086,1.33112156391144,1.44946956634521,0.802161455154419,1.24318084400401,1.67500019073486,0.818997891814974,1772.047,3074.56,2424.179,1233.129,0.02048668,-0.02740446,-0.01208063,-0.0838842168450356,0.0401027649641037,0.338103979825974,-0.069550188570944,0,0.337368828216151,15
13.7399978637695,1.32946681976318,1.45027005672455,0.808810114860535,1.24179366730452,1.67500019073486,0.825690511964517,1696.859,3063.271,2465.264,1268.661,0.02011042,-0.02727769,-0.0123054,-0.0829046964645386,0.0399252101778984,0.332469671964645,-0.0691276086231186,0,0.331732418025656,14
13.7600021362305,1.32783365249634,1.4510749578476,0.815378189086914,1.24041555486491,1.67500019073486,0.83226932295412,1737.672,3038.413,2428.025,1284.811,0.02006619,-0.02719088,-0.01274429,-0.0818039178848267,0.0401277430355549,0.328312426805496,-0.0686441588043046,0,0.325991002411643,14
13.7799911499023,1.32621955871582,1.4518746137619,0.821842908859253,1.23904875117547,1.67500019073486,0.838727379046627,1751.109,3062.388,2420.599,1241.46,0.01967139,-0.02713655,-0.01309263,-0.0808517560362816,0.039904709905386,0.323154121637344,-0.0681015140596484,0,0.320153085659293,14
13.7999954223633,1.32462763786316,1.45267188549042,0.82819265127182,1.23769234889819,1.67500019073486,0.845072561767692,1702.352,3047.056,2442.458,1274.556,0.01936937,-0.02702842,-0.01336268,-0.0797365456819534,0.0397688634693623,0.317456930875778,-0.0675001284226061,0,0.314213869608933,14
13.8199996948242,1.32305884361267,1.45346796512604,0.834447085857391,1.23634854948584,1.67500019073486,0.851298000897268,1734.969,3035.332,2416.904,1272.74,0.01918768,-0.02694906,-0.01376854,-0.0785731226205826,0.0396963283419609,0.312619239091873,-0.06684172187867,0,0.308181996915727,14
13.8399887084961,1.32151103019714,1.45425724983215,0.840587615966797,1.23501948897102,1.67500019073486,0.857397276916415,1728.358,3052.371,2426.59,1241.117,0.01872046,-0.02687715,-0.01402261,-0.0775177851319313,0.039387434720993,0.30699160695076,-0.0661282333153381,0,0.302066499662262,14
13.859992980957,1.31998801231384,1.45504152774811,0.846617162227631,1.2337042366424,1.67500019073486,0.863377980084339,1699.672,3032.278,2434.656,1273.912,0.01845951,-0.02677009,-0.01425803,-0.0762805268168449,0.0391156151890755,0.301452785730362,-0.0653599909309813,0,0.295862476515412,14
13.879997253418,1.31848752498627,1.45582020282745,0.852543711662292,1.2324048827016,1.67500019073486,0.869233774990974,1727.995,3033.906,2420.287,1249.918,0.01817581,-0.02668913,-0.01449026,-0.0751674547791481,0.0388669446110725,0.296232730150223,-0.0645389817438585,0,0.289579107714082,14
13.9000015258789,1.3170086145401,1.45659506320953,0.858351111412048,1.23112246769742,1.67500019073486,0.874963120736017,1706.819,3029.672,2427.521,1257.648,0.01793327,-0.02658474,-0.01467029,-0.0740702226758003,0.0386497378349304,0.290284514427185,-0.0636667142090583,0,0.283221045274734,14
13.9199905395508,1.31555473804474,1.45736753940582,0.864047825336456,1.22985895896692,1.67500019073486,0.880560346984922,1715.401,3012.247,2409.425,1277.625,0.01791983,-0.02647821,-0.0150149,-0.0727614834904671,0.0384884588420391,0.284753441810608,-0.0627454636182823,0,0.276797976728267,14
13.9399948120117,1.31412363052368,1.4581286907196,0.869629204273224,1.22861340527537,1.67500019073486,0.886032649441999,1734.865,3030.292,2403.738,1236.183,0.01759181,-0.0264127,-0.01531211,-0.0716670751571655,0.0379703119397163,0.27898707985878,-0.0617754209809729,0,0.270304958679003,14
13.9599990844727,1.31271839141846,1.45887780189514,0.87508100271225,1.22738772409787,1.67500019073486,0.891374454293307,1683.644,3024.864,2434.662,1252.986,0.01729539,-0.02629925,-0.01541651,-0.0704312324523926,0.0373992659151554,0.272524565458298,-0.0607589143211696,0,0.263751841005248,14
13.9800033569336,1.31133663654327,1.45962178707123,0.880422353744507,1.22618282809911,1.67500019073486,0.896584609920124,1710.328,3007.021,2412.806,1260.952,0.01724673,-0.02620284,-0.01560453,-0.0692228451371193,0.0370850004255772,0.267034769058228,-0.0596976322134455,0,0.257143703507283,14
13.9999923706055,1.30997776985168,1.46035480499268,0.885645508766174,1.22500048978408,1.67500019073486,0.901658245243484,1714.737,3014.144,2407.54,1244.623,0.01713714,-0.02612241,-0.01577444,-0.0680747851729393,0.0365543849766254,0.261037319898605,-0.0585941665774584,0,0.250490829148871,14
14.0199966430664,1.30863893032074,1.46107697486877,0.890736639499664,1.22383974683915,1.67500019073486,0.906602162727274,1696.877,3006.85,2413.104,1256.37,0.01712766,-0.02602175,-0.01592464,-0.0670544654130936,0.0359555520117283,0.254553079605103,-0.0574486102367517,0,0.243788351197713,14
14.0400009155273,1.30732262134552,1.46178901195526,0.895706653594971,1.22270231748625,1.67500019073486,0.911411601412383,1698.262,2995.287,2405.685,1268.704,0.01738081,-0.02592161,-0.01621545,-0.0659360960125923,0.0354147627949715,0.248495236039162,-0.0562636129943612,0,0.237046730461029,14
14.0599899291992,1.30602371692657,1.46248078346252,0.900560140609741,1.22158981196299,1.67500019073486,0.916082319481782,1718.768,3008.514,2394.992,1238.084,0.01753199,-0.02587421,-0.01652332,-0.0650211572647095,0.0345207005739212,0.24266242980957,-0.0550419899270984,0,0.230276653928144,14
14.0799942016602,1.3047434091568,1.46315443515778,0.905270993709564,1.22050126387508,1.67500019073486,0.920620831283283,1677.654,3014.059,2422.832,1236.808,0.01768884,-0.0258023,-0.01658883,-0.064136378467083,0.0335548706352711,0.235574871301651,-0.0537837884606525,0,0.223473396545714,14
14.0999984741211,1.30347096920013,1.46380913257599,0.909875631332397,1.21943822557907,1.67500019073486,0.925023016160525,1693.736,2982.182,2392.726,1280.73,0.01839243,-0.02574531,-0.01687698,-0.0636388212442398,0.0325843170285225,0.230295777320862,-0.052491885778795,0,0.216647835624133,14
14.120002746582,1.30221438407898,1.46444284915924,0.914335191249847,1.21840135127629,1.67500019073486,0.929288486065588,1681.076,3006.944,2416.596,1233.765,0.01917352,-0.02568299,-0.01689829,-0.0629075467586517,0.0315431132912636,0.222939163446426,-0.051168285656602,0,0.20980579956497,14
14.1399917602539,1.30097770690918,1.4650731086731,0.918676912784576,1.21739201475865,1.67500019073486,0.933413873753046,1720.41,2970.661,2356.615,1290.907,0.02035527,-0.0256766,-0.01735955,-0.0618681460618973,0.0313634537160397,0.21679225564003,-0.0498160799040648,0,0.20295845320892,14
14.1599960327148,1.29976058006287,1.46568310260773,0.922874748706818,1.216409246938,1.67500019073486,0.93740532699169,1763.297,3000.693,2314.295,1253.735,0.02095739,-0.02576715,-0.0181308,-0.0610687248408794,0.0302892625331879,0.209535986185074,-0.0484352965890029,0,0.196101381045386,15
14.1800003051758,1.29855680465698,1.46625912189484,0.926876604557037,1.21545435851569,1.67500019073486,0.941259615625305,1664.278,3025.553,2388.303,1251.601,0.02117762,-0.02578419,-0.01852868,-0.0604362636804581,0.0286846775561571,0.199877455830574,-0.0470290957409321,0,0.189245956015803,15
14.1999893188477,1.29736149311066,1.46680152416229,0.930733680725098,1.21452853198643,1.67500019073486,0.94497405178146,1659.536,2984.715,2387.48,1309.143,0.02217474,-0.02579378,-0.01899952,-0.0599100366234779,0.0269304290413857,0.19286684691906,-0.045600759884517,0,0.182403652813079,15
14.2199935913086,1.29618525505066,1.46730172634125,0.934454262256622,1.21363079616343,1.67500019073486,0.948554527732502,1681.03,3028.699,2413.021,1217.497,0.02314451,-0.02585716,-0.01896064,-0.059144239872694,0.025081405416131,0.186011642217636,-0.0441503358535813,0,0.17557038423966,15
14.2399978637695,1.29500961303711,1.46781182289124,0.938037812709808,1.21276226621104,1.67500019073486,0.951998505602766,1695.737,3005.835,2381.893,1257.14,0.02435853,-0.02598819,-0.01895691,-0.0588198974728584,0.0253454428166151,0.178841546177864,-0.0426811793369963,0,0.168757847279417,15
14.2600021362305,1.29386639595032,1.46829450130463,0.941536784172058,1.21192329373939,1.67500019073486,0.955306465718856,1738.749,2929.692,2248.798,1425.858,0.0267292,-0.02616236,-0.02024109,-0.0573239475488663,0.0239122603088617,0.175007909536362,-0.0411956093103421,0,0.16197261893521,15
14.2799911499023,1.2927303314209,1.46875596046448,0.944844663143158,1.21111478924019,1.67500019073486,0.958476652515898,1755.446,3145.81,2374.319,1051.058,0.02605,-0.02639299,-0.01998383,-0.0570743009448051,0.0229314398020506,0.16540914773941,-0.0396971384074674,0,0.155226518187915,15
14.2999954223633,1.29161500930786,1.46921896934509,0.948040544986725,1.21033577523986,1.67500019073486,0.961514653189055,1582.549,2909.791,2340.327,1507.884,0.0277818,-0.02640631,-0.02084776,-0.0558181032538414,0.0231343545019627,0.159628063440323,-0.0381858863907956,0,0.148516032225894,15
14.3199996948242,1.29052340984344,1.46967267990112,0.951123893260956,1.20958708876718,1.67500019073486,0.964418880747752,1811.18,3039.368,2278.366,1206.516,0.02816872,-0.02665984,-0.02174152,-0.0547415018081665,0.0225892551243305,0.154111534357071,-0.0366654461324698,0,0.141853222384293,15
14.3399887084961,1.2894504070282,1.47012150287628,0.954031586647034,1.2088694248821,1.67500019073486,0.967188295087973,1642.929,3057.766,2374.423,1252.676,0.02785516,-0.02679726,-0.02193965,-0.0537590496242046,0.0224416293203831,0.145255461335182,-0.0351394834919354,0,0.135250111337184,15
14.359992980957,1.28841698169708,1.47056007385254,0.956845641136169,1.20818179630493,1.67500019073486,0.969828288334705,1667.964,2956.902,2311.854,1401.99,0.02871534,-0.02693894,-0.02271996,-0.0517194233834743,0.0219884123653173,0.14063623547554,-0.0336082112546723,0,0.128703725191395,15
14.379997253418,1.28741025924683,1.47100734710693,0.959523677825928,1.20752481965016,1.67500019073486,0.972338003972288,1737.162,3098.283,2358.548,1134.634,0.02770959,-0.02719514,-0.02245631,-0.050433449447155,0.0223486591130495,0.133769258856773,-0.0320753811842014,0,0.122226344878095,15
14.4000015258789,1.28644895553589,1.47146427631378,0.962096929550171,1.2068984998088,1.67500019073486,0.974718895505573,1617.077,2947.058,2323.998,1443.042,0.02818188,-0.02734321,-0.02280838,-0.0480226241052151,0.0227273479104042,0.128661602735519,-0.0305436274566107,0,0.115825296001439,15
14.4199905395508,1.28553318977356,1.47192227840424,0.964563190937042,1.20630323127884,1.67500019073486,0.976970893056537,1756.372,3050.191,2303.994,1214.663,0.02742272,-0.02762497,-0.02277961,-0.0458691008388996,0.0228687264025211,0.12329563498497,-0.0290167926873091,0,0.109512795978163,15
14.4399948120117,1.28465688228607,1.47238886356354,0.966898798942566,1.20573800303877,1.67500019073486,0.979099184490139,1632.017,3015.619,2352.98,1320.121,0.02667434,-0.02778476,-0.02246376,-0.0438622422516346,0.0234164949506521,0.11665390431881,-0.0274952683352871,0,0.103286742107992,15
14.4599990844727,1.28383278846741,1.47286915779114,0.969141662120819,1.20520312395087,1.67500019073486,0.981103905062959,1667.379,2963.957,2313.517,1379.238,0.02661719,-0.02792324,-0.02255431,-0.0411731638014317,0.0239693410694599,0.112156145274639,-0.0259829909556468,0,0.0971596324116906,15
14.4800033569336,1.28305661678314,1.47336220741272,0.97127777338028,1.2046983809623,1.67500019073486,0.982987111453334,1726.345,3037.416,2318.865,1234.297,0.02547761,-0.02811979,-0.02224752,-0.0388403348624706,0.0246097072958946,0.106798142194748,-0.0244827748439593,0,0.0911392202772348,15
14.4999923706055,1.28232991695404,1.47387206554413,0.973310649394989,1.20422385519407,1.67500019073486,0.984749715918405,1641.419,2979.331,2332.921,1360.882,0.02470916,-0.02819542,-0.02207494,-0.0363321714103222,0.0254690237343311,0.101649984717369,-0.0229986058618141,0,0.0852378252314283,14
14.5199966430664,1.28165650367737,1.474400639534,0.975261628627777,1.20377849495907,1.67500019073486,0.986396779049135,1695.57,2986.084,2316.235,1313.929,0.02379787,-0.02826093,-0.02203286,-0.0336691737174988,0.0263976827263832,0.0975698456168175,-0.0215311206118174,0,0.0794543997271235,14
14.5400009155273,1.28103542327881,1.47494900226593,0.977117896080017,1.2033622878875,1.67500019073486,0.987929441623498,1688.738,3003.123,2332.012,1279.936,0.022358,-0.02829183,-0.02181981,-0.0310835298150778,0.0273926965892315,0.0928345248103142,-0.0200844074803292,0,0.0738015675470507,14
14.5599899291992,1.28046941757202,1.47551929950714,0.97889244556427,1.20297507333227,1.67500019073486,0.989349355700435,1666.788,2971.521,2333.805,1327.482,0.02101975,-0.02824922,-0.02173459,-0.028295723721385,0.0284943040460348,0.0887521877884865,-0.0186625364462134,0,0.0682916608719442,14
14.5799942016602,1.27995979785919,1.476109623909,0.980586886405945,1.20261575471265,1.67500019073486,0.990661546011028,1692.75,2984.686,2336.165,1278.946,0.0193045,-0.02818743,-0.02159025,-0.025475611910224,0.0295417830348015,0.0847427025437355,-0.0172663742186148,0,0.0629245504603908,14
14.5999984741211,1.27950704097748,1.47671854496002,0.982195913791656,1.20228407153709,1.67500019073486,0.991867911943792,1672.322,2975.822,2351.381,1286.048,0.01741162,-0.02806919,-0.02136068,-0.022616708651185,0.0304688215255737,0.0804684683680534,-0.0159001001001167,0,0.0577128913431535,14
14.620002746582,1.27911281585693,1.47734308242798,0.98372483253479,1.20197939468915,1.67500019073486,0.992971648048514,1671.57,2964.488,2358.949,1285.745,0.01550105,-0.02790727,-0.0210965,-0.0196816455572844,0.0312485862523317,0.0764594227075577,-0.0145668435867936,0,0.0526651855094897,14
14.6399917602539,1.27877748012543,1.47797870635986,0.985173285007477,1.20170123448682,1.67500019073486,0.993975390774955,1676.587,2965.322,2368.751,1264.901,0.01347185,-0.02772084,-0.02070767,-0.016741156578064,0.0318016335368156,0.0724310353398323,-0.0132707539758763,0,0.0477936925902371,14
14.6599960327148,1.27850127220154,1.47862100601196,0.986542344093323,1.20144841063823,1.67500019073486,0.994884209220517,1670.276,2956.7,2378.619,1266.03,0.01147054,-0.02750726,-0.02020594,-0.0137847699224949,0.032122228294611,0.0684640035033226,-0.0120130700142251,0,0.0430996855334103,14
14.6800003051758,1.27828419208527,1.47926485538483,0.987835884094238,1.20122032449263,1.67500019073486,0.995701014021878,1674.748,2951.323,2383.833,1258.846,0.009522481,-0.02727876,-0.01960193,-0.0108360443264246,0.0322183929383755,0.0646861121058464,-0.0107980598693942,0,0.0385957727553983,14
14.6999893188477,1.27812504768372,1.47990667819977,0.989055633544922,1.20101623629724,1.67500019073486,0.996429173753452,1677.834,2947.5,2388.609,1252.425,0.007622518,-0.02703961,-0.01889247,-0.00793446414172649,0.0320926383137703,0.06099733710289,-0.00962990648977469,0,0.0342940895614809,14
14.7199935913086,1.2780225276947,1.48054158687592,0.990204632282257,1.20083488175484,1.67500019073486,0.997073868992499,1679.854,2941.295,2391.854,1252.042,0.005814974,-0.02678554,-0.01811589,-0.00509991031140089,0.0317625813186169,0.057459894567728,-0.00851017893989203,0,0.0301970994517635,14
14.7399978637695,1.27797496318817,1.48116612434387,0.991285443305969,1.20067540478794,1.67500019073486,0.997638764032137,1684.696,2937.673,2394.993,1247.131,0.004080651,-0.02651869,-0.01728605,-0.00236259726807475,0.0312324576079845,0.0540485344827175,-0.00744318655850895,0,0.0263173068237936,15
14.7600021362305,1.27797961235046,1.4817761182785,0.992300391197205,1.20053671608862,1.67500019073486,0.998128296097319,1688.022,2933.879,2398.987,1243.96,0.002420078,-0.0262364,-0.01641999,0.00025684796855785,0.0305082146078348,0.0507542006671429,-0.0064323740422032,0,0.0226639622681164,15
14.7799911499023,1.27803409099579,1.48236811161041,0.993252098560333,1.20041774063212,1.67500019073486,0.998546794837925,1691.667,2930.743,2403.77,1240.011,0.000832595,-0.02593919,-0.01552996,0.00273976172320545,0.0295964386314154,0.0475923381745815,-0.0054819330007021,0,0.0192489378982481,15
14.7999954223633,1.27813529968262,1.48293805122375,0.994143545627594,1.20031706865745,1.67500019073486,0.998899707660181,1695.36,2928.326,2409.276,1235.531,-0.0006817692,-0.02562866,-0.01462182,0.00507061881944537,0.0285059474408627,0.0445778481662273,-0.00459394488878528,0,0.0160764784038294,15
14.8199996948242,1.27827990055084,1.48348295688629,0.994978070259094,1.20023349828699,1.67500019073486,0.999191690580814,1698.925,2926.359,2415.236,1231.222,-0.002117746,-0.02530695,-0.01369983,0.00723980972543359,0.0272491704672575,0.0417324230074883,-0.00377273821468194,0,0.0131588532097977,15
14.8399887084961,1.27846503257751,1.48399782180786,0.995760798454285,1.2001657035411,1.67500019073486,0.999427777681176,1702.995,2924.877,2420.954,1227.075,-0.003465305,-0.02497779,-0.0127608,0.00927062425762415,0.0257496386766434,0.0391389466822147,-0.00302248272657213,0,0.0105076611389689,15
14.859992980957,1.2786865234375,1.48448050022125,0.996492028236389,1.20011213680562,1.67500019073486,0.999613714979394,1705.977,2927.808,2431.675,1215.172,-0.004778244,-0.02464649,-0.01174667,0.0110772792249918,0.0241310652345419,0.036564540117979,-0.00234570050121174,0,0.00812863365074534,15
14.879997253418,1.27894139289856,1.48492836952209,0.997181057929993,1.20007133678878,1.67500019073486,0.999754887418265,1706.783,2918.483,2433.528,1228.5,-0.005863748,-0.0243104,-0.01077622,0.0127475373446941,0.0223954524844885,0.0344507284462452,-0.00174670642642738,0,0.00603378889868189,15
14.9000015258789,1.2792249917984,1.4853390455246,0.997831046581268,1.20004170986331,1.67500019073486,0.999857079701633,1721.064,2926.228,2436.588,1209.758,-0.006922621,-0.02398549,-0.009788183,0.0141764562577009,0.0205370001494884,0.0324984565377235,-0.00122926039930782,0,0.00423312607462112,15
14.9199905395508,1.27953219413757,1.48571038246155,0.998444557189941,1.20002159890351,1.67500019073486,0.999926235862484,1716.791,2922.691,2443.325,1218.341,-0.007837683,-0.02365526,-0.00882465,0.0153656294569373,0.0185633506625891,0.0306742284446955,-0.000797463443113156,0,0.00273777418585297,14
14.9399948120117,1.27985882759094,1.48604023456573,0.999027729034424,1.2000092284874,1.67500019073486,0.999968646507794,1723.205,2922.587,2447.185,1217.12,-0.008594021,-0.0233245,-0.007916513,0.0163300223648548,0.016499562188983,0.0291593596339226,-0.000454503835837006,0,0.00155565684521708,14
14.9599990844727,1.28020071983337,1.48632776737213,0.999585568904877,1.20000279411059,1.67500019073486,0.999990641290661,1731.145,2926.81,2451.153,1210.497,-0.009259811,-0.02300119,-0.007049387,0.0170889366418123,0.0143740652129054,0.0278916507959366,-0.000204639210043656,0,0.00069835289351694,14
14.9799880981445,1.28055381774902,1.48657178878784,1.00012385845184,1.20000039493336,1.67500019073486,0.999998819288324,1737.083,2929.376,2453.93,1209.618,-0.009852631,-0.02268534,-0.006239254,0.0176568515598774,0.0122019723057747,0.0269164722412825,-5.18881681585981E-05,0,0.00017655709655795,14
14.9999923706055,1.28091478347778,1.48677170276642,1.00064718723297,1.20000004768372,1.67500019073486,0.999999999999999,1742.232,2934.086,2458.741,1206.017,-0.01042042,-0.02237801,-0.005470666,0.0180495511740446,0.00999570544809103,0.0261688493192196,-7.64055485547033E-12,0,2.59205990005285E-11,14
